78,261,413,221,1,27,181,50,520,519,518,517,521,522,523,524,526,525,527,528
261,262,414,413,27,28,182,181,531,530,529,519,532,533,534,522,525,535,536,527
262,81,241,414,28,2,29,182,539,538,537,530,540,541,542,533,535,543,544,536
221,413,415,222,50,181,183,49,518,547,546,545,523,548,549,550,528,527,551,552
413,414,416,415,181,182,184,183,529,554,553,547,534,555,556,548,527,536,557,551
414,241,242,416,182,29,30,184,537,559,558,554,542,560,561,555,536,544,562,557
222,415,417,223,49,183,185,48,546,565,564,563,549,566,567,568,552,551,569,570
415,416,418,417,183,184,186,185,553,572,571,565,556,573,574,566,551,557,575,569
416,242,243,418,184,30,31,186,558,577,576,572,561,578,579,573,557,562,580,575
223,417,419,224,48,185,187,47,564,583,582,581,567,584,585,586,570,569,587,588
417,418,420,419,185,186,188,187,571,590,589,583,574,591,592,584,569,575,593,587
418,243,244,420,186,31,32,188,576,595,594,590,579,596,597,591,575,580,598,593
224,419,421,225,47,187,189,46,582,601,600,599,585,602,603,604,588,587,605,606
419,420,422,421,187,188,190,189,589,608,607,601,592,609,610,602,587,593,611,605
420,244,245,422,188,32,33,190,594,613,612,608,597,614,615,609,593,598,616,611
225,421,423,226,46,189,191,45,600,619,618,617,603,620,621,622,606,605,623,624
421,422,424,423,189,190,192,191,607,626,625,619,610,627,628,620,605,611,629,623
422,245,246,424,190,33,34,192,612,631,630,626,615,632,633,627,611,616,634,629
226,423,425,227,45,191,193,44,618,637,636,635,621,638,639,640,624,623,641,642
423,424,426,425,191,192,194,193,625,644,643,637,628,645,646,638,623,629,647,641
424,246,247,426,192,34,35,194,630,649,648,644,633,650,651,645,629,634,652,647
227,425,427,228,44,193,195,43,636,655,654,653,639,656,657,658,642,641,659,660
425,426,428,427,193,194,196,195,643,662,661,655,646,663,664,656,641,647,665,659
426,247,248,428,194,35,36,196,648,667,666,662,651,668,669,663,647,652,670,665
228,427,429,229,43,195,197,42,654,673,672,671,657,674,675,676,660,659,677,678
427,428,430,429,195,196,198,197,661,680,679,673,664,681,682,674,659,665,683,677
428,248,249,430,196,36,37,198,666,685,684,680,669,686,687,681,665,670,688,683
229,429,431,230,42,197,199,41,672,691,690,689,675,692,693,694,678,677,695,696
429,430,432,431,197,198,200,199,679,698,697,691,682,699,700,692,677,683,701,695
430,249,250,432,198,37,38,200,684,703,702,698,687,704,705,699,683,688,706,701
230,431,265,75,41,199,40,4,690,709,708,707,693,710,711,712,696,695,713,714
431,432,266,265,199,200,39,40,697,716,715,709,700,717,718,710,695,701,719,713
432,250,80,266,200,38,3,39,702,721,720,716,705,722,723,717,701,706,724,719
77,263,433,231,78,261,413,221,728,727,726,725,520,519,518,517,730,729,731,732
263,264,434,433,261,262,414,413,735,734,733,727,531,530,529,519,729,736,737,731
264,82,251,434,262,81,241,414,740,739,738,734,539,538,537,530,736,741,742,737
231,433,435,232,221,413,415,222,726,745,744,743,518,547,546,545,732,731,746,747
433,434,436,435,413,414,416,415,733,749,748,745,529,554,553,547,731,737,750,746
434,251,252,436,414,241,242,416,738,752,751,749,537,559,558,554,737,742,753,750
232,435,437,233,222,415,417,223,744,756,755,754,546,565,564,563,747,746,757,758
435,436,438,437,415,416,418,417,748,760,759,756,553,572,571,565,746,750,761,757
436,252,253,438,416,242,243,418,751,763,762,760,558,577,576,572,750,753,764,761
233,437,439,234,223,417,419,224,755,767,766,765,564,583,582,581,758,757,768,769
437,438,440,439,417,418,420,419,759,771,770,767,571,590,589,583,757,761,772,768
438,253,254,440,418,243,244,420,762,774,773,771,576,595,594,590,761,764,775,772
234,439,441,235,224,419,421,225,766,778,777,776,582,601,600,599,769,768,779,780
439,440,442,441,419,420,422,421,770,782,781,778,589,608,607,601,768,772,783,779
440,254,255,442,420,244,245,422,773,785,784,782,594,613,612,608,772,775,786,783
235,441,443,236,225,421,423,226,777,789,788,787,600,619,618,617,780,779,790,791
441,442,444,443,421,422,424,423,781,793,792,789,607,626,625,619,779,783,794,790
442,255,256,444,422,245,246,424,784,796,795,793,612,631,630,626,783,786,797,794
236,443,445,237,226,423,425,227,788,800,799,798,618,637,636,635,791,790,801,802
443,444,446,445,423,424,426,425,792,804,803,800,625,644,643,637,790,794,805,801
444,256,257,446,424,246,247,426,795,807,806,804,630,649,648,644,794,797,808,805
237,445,447,238,227,425,427,228,799,811,810,809,636,655,654,653,802,801,812,813
445,446,448,447,425,426,428,427,803,815,814,811,643,662,661,655,801,805,816,812
446,257,258,448,426,247,248,428,806,818,817,815,648,667,666,662,805,808,819,816
238,447,449,239,228,427,429,229,810,822,821,820,654,673,672,671,813,812,823,824
447,448,450,449,427,428,430,429,814,826,825,822,661,680,679,673,812,816,827,823
448,258,259,450,428,248,249,430,817,829,828,826,666,685,684,680,816,819,830,827
239,449,451,240,229,429,431,230,821,833,832,831,672,691,690,689,824,823,834,835
449,450,452,451,429,430,432,431,825,837,836,833,679,698,697,691,823,827,838,834
450,259,260,452,430,249,250,432,828,840,839,837,684,703,702,698,827,830,841,838
240,451,267,76,230,431,265,75,832,844,843,842,690,709,708,707,835,834,845,846
451,452,268,267,431,432,266,265,836,848,847,844,697,716,715,709,834,838,849,845
452,260,79,268,432,250,80,266,839,851,850,848,702,721,720,716,838,841,852,849
8,52,201,65,77,263,433,231,856,855,854,853,728,727,726,725,858,857,859,860
52,51,202,201,263,264,434,433,863,862,861,855,735,734,733,727,857,864,865,859
51,5,62,202,264,82,251,434,868,867,866,862,740,739,738,734,864,869,870,865
65,201,203,66,231,433,435,232,854,873,872,871,726,745,744,743,860,859,874,875
201,202,204,203,433,434,436,435,861,877,876,873,733,749,748,745,859,865,878,874
202,62,61,204,434,251,252,436,866,880,879,877,738,752,751,749,865,870,881,878
66,203,205,67,232,435,437,233,872,884,883,882,744,756,755,754,875,874,885,886
203,204,206,205,435,436,438,437,876,888,887,884,748,760,759,756,874,878,889,885
204,61,60,206,436,252,253,438,879,891,890,888,751,763,762,760,878,881,892,889
67,205,207,68,233,437,439,234,883,895,894,893,755,767,766,765,886,885,896,897
205,206,208,207,437,438,440,439,887,899,898,895,759,771,770,767,885,889,900,896
206,60,59,208,438,253,254,440,890,902,901,899,762,774,773,771,889,892,903,900
68,207,209,69,234,439,441,235,894,906,905,904,766,778,777,776,897,896,907,908
207,208,210,209,439,440,442,441,898,910,909,906,770,782,781,778,896,900,911,907
208,59,58,210,440,254,255,442,901,913,912,910,773,785,784,782,900,903,914,911
69,209,211,70,235,441,443,236,905,917,916,915,777,789,788,787,908,907,918,919
209,210,212,211,441,442,444,443,909,921,920,917,781,793,792,789,907,911,922,918
210,58,57,212,442,255,256,444,912,924,923,921,784,796,795,793,911,914,925,922
70,211,213,71,236,443,445,237,916,928,927,926,788,800,799,798,919,918,929,930
211,212,214,213,443,444,446,445,920,932,931,928,792,804,803,800,918,922,933,929
212,57,56,214,444,256,257,446,923,935,934,932,795,807,806,804,922,925,936,933
71,213,215,72,237,445,447,238,927,939,938,937,799,811,810,809,930,929,940,941
213,214,216,215,445,446,448,447,931,943,942,939,803,815,814,811,929,933,944,940
214,56,55,216,446,257,258,448,934,946,945,943,806,818,817,815,933,936,947,944
72,215,217,73,238,447,449,239,938,950,949,948,810,822,821,820,941,940,951,952
215,216,218,217,447,448,450,449,942,954,953,950,814,826,825,822,940,944,955,951
216,55,54,218,448,258,259,450,945,957,956,954,817,829,828,826,944,947,958,955
73,217,219,74,239,449,451,240,949,961,960,959,821,833,832,831,952,951,962,963
217,218,220,219,449,450,452,451,953,965,964,961,825,837,836,833,951,955,966,962
218,54,53,220,450,259,260,452,956,968,967,965,828,840,839,837,955,958,969,966
74,219,63,7,240,451,267,76,960,972,971,970,832,844,843,842,963,962,973,974
219,220,64,63,451,452,268,267,964,976,975,972,836,848,847,844,962,966,977,973
220,53,6,64,452,260,79,268,967,979,978,976,839,851,850,848,966,969,980,977
1,27,181,50,109,329,453,289,521,522,523,524,981,982,983,984,986,985,987,988
27,28,182,181,329,330,454,453,532,533,534,522,989,990,991,982,985,992,993,987
28,2,29,182,330,114,309,454,540,541,542,533,994,995,996,990,992,997,998,993
50,181,183,49,289,453,455,290,523,548,549,550,983,999,1000,1001,988,987,1002,1003
181,182,184,183,453,454,456,455,534,555,556,548,991,1004,1005,999,987,993,1006,1002
182,29,30,184,454,309,310,456,542,560,561,555,996,1007,1008,1004,993,998,1009,1006
49,183,185,48,290,455,457,291,549,566,567,568,1000,1010,1011,1012,1003,1002,1013,1014
183,184,186,185,455,456,458,457,556,573,574,566,1005,1015,1016,1010,1002,1006,1017,1013
184,30,31,186,456,310,311,458,561,578,579,573,1008,1018,1019,1015,1006,1009,1020,1017
48,185,187,47,291,457,459,292,567,584,585,586,1011,1021,1022,1023,1014,1013,1024,1025
185,186,188,187,457,458,460,459,574,591,592,584,1016,1026,1027,1021,1013,1017,1028,1024
186,31,32,188,458,311,312,460,579,596,597,591,1019,1029,1030,1026,1017,1020,1031,1028
47,187,189,46,292,459,461,293,585,602,603,604,1022,1032,1033,1034,1025,1024,1035,1036
187,188,190,189,459,460,462,461,592,609,610,602,1027,1037,1038,1032,1024,1028,1039,1035
188,32,33,190,460,312,313,462,597,614,615,609,1030,1040,1041,1037,1028,1031,1042,1039
46,189,191,45,293,461,463,294,603,620,621,622,1033,1043,1044,1045,1036,1035,1046,1047
189,190,192,191,461,462,464,463,610,627,628,620,1038,1048,1049,1043,1035,1039,1050,1046
190,33,34,192,462,313,314,464,615,632,633,627,1041,1051,1052,1048,1039,1042,1053,1050
45,191,193,44,294,463,465,295,621,638,639,640,1044,1054,1055,1056,1047,1046,1057,1058
191,192,194,193,463,464,466,465,628,645,646,638,1049,1059,1060,1054,1046,1050,1061,1057
192,34,35,194,464,314,315,466,633,650,651,645,1052,1062,1063,1059,1050,1053,1064,1061
44,193,195,43,295,465,467,296,639,656,657,658,1055,1065,1066,1067,1058,1057,1068,1069
193,194,196,195,465,466,468,467,646,663,664,656,1060,1070,1071,1065,1057,1061,1072,1068
194,35,36,196,466,315,316,468,651,668,669,663,1063,1073,1074,1070,1061,1064,1075,1072
43,195,197,42,296,467,469,297,657,674,675,676,1066,1076,1077,1078,1069,1068,1079,1080
195,196,198,197,467,468,470,469,664,681,682,674,1071,1081,1082,1076,1068,1072,1083,1079
196,36,37,198,468,316,317,470,669,686,687,681,1074,1084,1085,1081,1072,1075,1086,1083
42,197,199,41,297,469,471,298,675,692,693,694,1077,1087,1088,1089,1080,1079,1090,1091
197,198,200,199,469,470,472,471,682,699,700,692,1082,1092,1093,1087,1079,1083,1094,1090
198,37,38,200,470,317,318,472,687,704,705,699,1085,1095,1096,1092,1083,1086,1097,1094
41,199,40,4,298,471,333,108,693,710,711,712,1088,1098,1099,1100,1091,1090,1101,1102
199,200,39,40,471,472,334,333,700,717,718,710,1093,1103,1104,1098,1090,1094,1105,1101
200,38,3,39,472,318,111,334,705,722,723,717,1096,1106,1107,1103,1094,1097,1108,1105
109,329,453,289,110,331,473,299,981,982,983,984,1109,1110,1111,1112,1114,1113,1115,1116
329,330,454,453,331,332,474,473,989,990,991,982,1117,1118,1119,1110,1113,1120,1121,1115
330,114,309,454,332,113,319,474,994,995,996,990,1122,1123,1124,1118,1120,1125,1126,1121
289,453,455,290,299,473,475,300,983,999,1000,1001,1111,1127,1128,1129,1116,1115,1130,1131
453,454,456,455,473,474,476,475,991,1004,1005,999,1119,1132,1133,1127,1115,1121,1134,1130
454,309,310,456,474,319,320,476,996,1007,1008,1004,1124,1135,1136,1132,1121,1126,1137,1134
290,455,457,291,300,475,477,301,1000,1010,1011,1012,1128,1138,1139,1140,1131,1130,1141,1142
455,456,458,457,475,476,478,477,1005,1015,1016,1010,1133,1143,1144,1138,1130,1134,1145,1141
456,310,311,458,476,320,321,478,1008,1018,1019,1015,1136,1146,1147,1143,1134,1137,1148,1145
291,457,459,292,301,477,479,302,1011,1021,1022,1023,1139,1149,1150,1151,1142,1141,1152,1153
457,458,460,459,477,478,480,479,1016,1026,1027,1021,1144,1154,1155,1149,1141,1145,1156,1152
458,311,312,460,478,321,322,480,1019,1029,1030,1026,1147,1157,1158,1154,1145,1148,1159,1156
292,459,461,293,302,479,481,303,1022,1032,1033,1034,1150,1160,1161,1162,1153,1152,1163,1164
459,460,462,461,479,480,482,481,1027,1037,1038,1032,1155,1165,1166,1160,1152,1156,1167,1163
460,312,313,462,480,322,323,482,1030,1040,1041,1037,1158,1168,1169,1165,1156,1159,1170,1167
293,461,463,294,303,481,483,304,1033,1043,1044,1045,1161,1171,1172,1173,1164,1163,1174,1175
461,462,464,463,481,482,484,483,1038,1048,1049,1043,1166,1176,1177,1171,1163,1167,1178,1174
462,313,314,464,482,323,324,484,1041,1051,1052,1048,1169,1179,1180,1176,1167,1170,1181,1178
294,463,465,295,304,483,485,305,1044,1054,1055,1056,1172,1182,1183,1184,1175,1174,1185,1186
463,464,466,465,483,484,486,485,1049,1059,1060,1054,1177,1187,1188,1182,1174,1178,1189,1185
464,314,315,466,484,324,325,486,1052,1062,1063,1059,1180,1190,1191,1187,1178,1181,1192,1189
295,465,467,296,305,485,487,306,1055,1065,1066,1067,1183,1193,1194,1195,1186,1185,1196,1197
465,466,468,467,485,486,488,487,1060,1070,1071,1065,1188,1198,1199,1193,1185,1189,1200,1196
466,315,316,468,486,325,326,488,1063,1073,1074,1070,1191,1201,1202,1198,1189,1192,1203,1200
296,467,469,297,306,487,489,307,1066,1076,1077,1078,1194,1204,1205,1206,1197,1196,1207,1208
467,468,470,469,487,488,490,489,1071,1081,1082,1076,1199,1209,1210,1204,1196,1200,1211,1207
468,316,317,470,488,326,327,490,1074,1084,1085,1081,1202,1212,1213,1209,1200,1203,1214,1211
297,469,471,298,307,489,491,308,1077,1087,1088,1089,1205,1215,1216,1217,1208,1207,1218,1219
469,470,472,471,489,490,492,491,1082,1092,1093,1087,1210,1220,1221,1215,1207,1211,1222,1218
470,317,318,472,490,327,328,492,1085,1095,1096,1092,1213,1223,1224,1220,1211,1214,1225,1222
298,471,333,108,308,491,335,107,1088,1098,1099,1100,1216,1226,1227,1228,1219,1218,1229,1230
471,472,334,333,491,492,336,335,1093,1103,1104,1098,1221,1231,1232,1226,1218,1222,1233,1229
472,318,111,334,492,328,112,336,1096,1106,1107,1103,1224,1234,1235,1231,1222,1225,1236,1233
110,331,473,299,9,83,269,106,1109,1110,1111,1112,1237,1238,1239,1240,1242,1241,1243,1244
331,332,474,473,83,84,270,269,1117,1118,1119,1110,1245,1246,1247,1238,1241,1248,1249,1243
332,113,319,474,84,10,85,270,1122,1123,1124,1118,1250,1251,1252,1246,1248,1253,1254,1249
299,473,475,300,106,269,271,105,1111,1127,1128,1129,1239,1255,1256,1257,1244,1243,1258,1259
473,474,476,475,269,270,272,271,1119,1132,1133,1127,1247,1260,1261,1255,1243,1249,1262,1258
474,319,320,476,270,85,86,272,1124,1135,1136,1132,1252,1263,1264,1260,1249,1254,1265,1262
300,475,477,301,105,271,273,104,1128,1138,1139,1140,1256,1266,1267,1268,1259,1258,1269,1270
475,476,478,477,271,272,274,273,1133,1143,1144,1138,1261,1271,1272,1266,1258,1262,1273,1269
476,320,321,478,272,86,87,274,1136,1146,1147,1143,1264,1274,1275,1271,1262,1265,1276,1273
301,477,479,302,104,273,275,103,1139,1149,1150,1151,1267,1277,1278,1279,1270,1269,1280,1281
477,478,480,479,273,274,276,275,1144,1154,1155,1149,1272,1282,1283,1277,1269,1273,1284,1280
478,321,322,480,274,87,88,276,1147,1157,1158,1154,1275,1285,1286,1282,1273,1276,1287,1284
302,479,481,303,103,275,277,102,1150,1160,1161,1162,1278,1288,1289,1290,1281,1280,1291,1292
479,480,482,481,275,276,278,277,1155,1165,1166,1160,1283,1293,1294,1288,1280,1284,1295,1291
480,322,323,482,276,88,89,278,1158,1168,1169,1165,1286,1296,1297,1293,1284,1287,1298,1295
303,481,483,304,102,277,279,101,1161,1171,1172,1173,1289,1299,1300,1301,1292,1291,1302,1303
481,482,484,483,277,278,280,279,1166,1176,1177,1171,1294,1304,1305,1299,1291,1295,1306,1302
482,323,324,484,278,89,90,280,1169,1179,1180,1176,1297,1307,1308,1304,1295,1298,1309,1306
304,483,485,305,101,279,281,100,1172,1182,1183,1184,1300,1310,1311,1312,1303,1302,1313,1314
483,484,486,485,279,280,282,281,1177,1187,1188,1182,1305,1315,1316,1310,1302,1306,1317,1313
484,324,325,486,280,90,91,282,1180,1190,1191,1187,1308,1318,1319,1315,1306,1309,1320,1317
305,485,487,306,100,281,283,99,1183,1193,1194,1195,1311,1321,1322,1323,1314,1313,1324,1325
485,486,488,487,281,282,284,283,1188,1198,1199,1193,1316,1326,1327,1321,1313,1317,1328,1324
486,325,326,488,282,91,92,284,1191,1201,1202,1198,1319,1329,1330,1326,1317,1320,1331,1328
306,487,489,307,99,283,285,98,1194,1204,1205,1206,1322,1332,1333,1334,1325,1324,1335,1336
487,488,490,489,283,284,286,285,1199,1209,1210,1204,1327,1337,1338,1332,1324,1328,1339,1335
488,326,327,490,284,92,93,286,1202,1212,1213,1209,1330,1340,1341,1337,1328,1331,1342,1339
307,489,491,308,98,285,287,97,1205,1215,1216,1217,1333,1343,1344,1345,1336,1335,1346,1347
489,490,492,491,285,286,288,287,1210,1220,1221,1215,1338,1348,1349,1343,1335,1339,1350,1346
490,327,328,492,286,93,94,288,1213,1223,1224,1220,1341,1351,1352,1348,1339,1342,1353,1350
308,491,335,107,97,287,96,12,1216,1226,1227,1228,1344,1354,1355,1356,1347,1346,1357,1358
491,492,336,335,287,288,95,96,1221,1231,1232,1226,1349,1359,1360,1354,1346,1350,1361,1357
492,328,112,336,288,94,11,95,1224,1234,1235,1231,1352,1362,1363,1359,1350,1353,1364,1361
136,355,493,349,13,115,337,124,1368,1367,1366,1365,1369,1370,1371,1372,1374,1373,1375,1376
355,356,494,493,115,116,338,337,1379,1378,1377,1367,1380,1381,1382,1370,1373,1383,1384,1375
356,138,352,494,116,14,117,338,1387,1386,1385,1378,1388,1389,1390,1381,1383,1391,1392,1384
349,493,495,350,124,337,339,123,1366,1395,1394,1393,1371,1396,1397,1398,1376,1375,1399,1400
493,494,496,495,337,338,340,339,1377,1402,1401,1395,1382,1403,1404,1396,1375,1384,1405,1399
494,352,353,496,338,117,118,340,1385,1407,1406,1402,1390,1408,1409,1403,1384,1392,1410,1405
350,495,497,351,123,339,341,122,1394,1413,1412,1411,1397,1414,1415,1416,1400,1399,1417,1418
495,496,498,497,339,340,342,341,1401,1420,1419,1413,1404,1421,1422,1414,1399,1405,1423,1417
496,353,354,498,340,118,119,342,1406,1425,1424,1420,1409,1426,1427,1421,1405,1410,1428,1423
351,497,357,135,122,341,121,16,1412,1431,1430,1429,1415,1432,1433,1434,1418,1417,1435,1436
497,498,358,357,341,342,120,121,1419,1438,1437,1431,1422,1439,1440,1432,1417,1423,1441,1435
498,354,137,358,342,119,15,120,1424,1443,1442,1438,1427,1444,1445,1439,1423,1428,1446,1441
20,126,343,132,136,355,493,349,1450,1449,1448,1447,1368,1367,1366,1365,1452,1451,1453,1454
126,125,344,343,355,356,494,493,1457,1456,1455,1449,1379,1378,1377,1367,1451,1458,1459,1453
125,17,129,344,356,138,352,494,1462,1461,1460,1456,1387,1386,1385,1378,1458,1463,1464,1459
132,343,345,133,349,493,495,350,1448,1467,1466,1465,1366,1395,1394,1393,1454,1453,1468,1469
343,344,346,345,493,494,496,495,1455,1471,1470,1467,1377,1402,1401,1395,1453,1459,1472,1468
344,129,128,346,494,352,353,496,1460,1474,1473,1471,1385,1407,1406,1402,1459,1464,1475,1472
133,345,347,134,350,495,497,351,1466,1478,1477,1476,1394,1413,1412,1411,1469,1468,1479,1480
345,346,348,347,495,496,498,497,1470,1482,1481,1478,1401,1420,1419,1413,1468,1472,1483,1479
346,128,127,348,496,353,354,498,1473,1485,1484,1482,1406,1425,1424,1420,1472,1475,1486,1483
134,347,130,19,351,497,357,135,1477,1489,1488,1487,1412,1431,1430,1429,1480,1479,1490,1491
347,348,131,130,497,498,358,357,1481,1493,1492,1489,1419,1438,1437,1431,1479,1483,1494,1490
348,127,18,131,498,354,137,358,1484,1496,1495,1493,1424,1443,1442,1438,1483,1486,1497,1494
155,377,499,371,21,139,359,146,1501,1500,1499,1498,1502,1503,1504,1505,1507,1506,1508,1509
377,378,500,499,139,140,360,359,1512,1511,1510,1500,1513,1514,1515,1503,1506,1516,1517,1508
378,156,374,500,140,22,141,360,1520,1519,1518,1511,1521,1522,1523,1514,1516,1524,1525,1517
371,499,501,372,146,359,361,145,1499,1528,1527,1526,1504,1529,1530,1531,1509,1508,1532,1533
499,500,502,501,359,360,362,361,1510,1535,1534,1528,1515,1536,1537,1529,1508,1517,1538,1532
500,374,375,502,360,141,142,362,1518,1540,1539,1535,1523,1541,1542,1536,1517,1525,1543,1538
372,501,503,373,145,361,363,144,1527,1546,1545,1544,1530,1547,1548,1549,1533,1532,1550,1551
501,502,504,503,361,362,364,363,1534,1553,1552,1546,1537,1554,1555,1547,1532,1538,1556,1550
502,375,376,504,362,142,143,364,1539,1558,1557,1553,1542,1559,1560,1554,1538,1543,1561,1556
373,503,358,137,144,363,120,15,1545,1563,1442,1562,1548,1564,1445,1565,1551,1550,1441,1446
503,504,357,358,363,364,121,120,1552,1566,1437,1563,1555,1567,1440,1564,1550,1556,1435,1441
504,376,135,357,364,143,16,121,1557,1568,1430,1566,1560,1569,1433,1567,1556,1561,1436,1435
24,148,365,152,155,377,499,371,1573,1572,1571,1570,1501,1500,1499,1498,1575,1574,1576,1577
148,147,366,365,377,378,500,499,1580,1579,1578,1572,1512,1511,1510,1500,1574,1581,1582,1576
147,23,151,366,378,156,374,500,1585,1584,1583,1579,1520,1519,1518,1511,1581,1586,1587,1582
152,365,367,153,371,499,501,372,1571,1590,1589,1588,1499,1528,1527,1526,1577,1576,1591,1592
365,366,368,367,499,500,502,501,1578,1594,1593,1590,1510,1535,1534,1528,1576,1582,1595,1591
366,151,150,368,500,374,375,502,1583,1597,1596,1594,1518,1540,1539,1535,1582,1587,1598,1595
153,367,369,154,372,501,503,373,1589,1601,1600,1599,1527,1546,1545,1544,1592,1591,1602,1603
367,368,370,369,501,502,504,503,1593,1605,1604,1601,1534,1553,1552,1546,1591,1595,1606,1602
368,150,149,370,502,375,376,504,1596,1608,1607,1605,1539,1558,1557,1553,1595,1598,1609,1606
154,369,131,18,373,503,358,137,1600,1611,1495,1610,1545,1563,1442,1562,1603,1602,1494,1497
369,370,130,131,503,504,357,358,1604,1612,1492,1611,1552,1566,1437,1563,1602,1606,1490,1494
370,149,19,130,504,376,135,357,1607,1613,1488,1612,1557,1568,1430,1566,1606,1609,1491,1490
329,330,509,507,27,28,380,379,989,1616,1615,1614,532,1617,1618,1619,985,992,1620,1621
330,114,381,509,28,2,157,380,994,1623,1622,1616,540,1624,1625,1617,992,997,1626,1620
331,332,506,505,329,330,509,507,1117,1629,1628,1627,989,1616,1615,1614,1113,1120,1630,1631
332,113,382,506,330,114,381,509,1122,1633,1632,1629,994,1623,1622,1616,1120,1125,1634,1630
384,109,329,507,158,1,27,379,1636,981,1614,1635,1637,521,1619,1638,1639,986,985,1621
385,110,331,505,384,109,329,507,1641,1109,1627,1640,1636,981,1614,1635,1642,1114,1113,1631
387,161,384,507,159,25,158,379,1645,1644,1635,1643,1646,1647,1638,1648,1650,1649,1639,1621
388,162,385,505,387,161,384,507,1653,1652,1640,1651,1645,1644,1635,1643,1655,1654,1642,1631
381,164,389,509,157,26,160,380,1658,1657,1656,1622,1659,1660,1661,1625,1626,1662,1663,1620
509,389,387,507,380,160,159,379,1656,1664,1643,1615,1661,1665,1648,1618,1620,1663,1650,1621
382,165,390,506,381,164,389,509,1668,1667,1666,1632,1658,1657,1656,1622,1634,1669,1670,1630
506,390,388,505,509,389,387,507,1666,1671,1651,1628,1656,1664,1643,1615,1630,1670,1655,1631
393,394,506,505,83,84,332,331,1674,1673,1628,1672,1245,1248,1117,1241,1676,1675,1629,1627
394,167,382,506,84,10,113,332,1678,1677,1632,1673,1250,1253,1122,1248,1675,1679,1633,1629
385,169,393,505,110,9,83,331,1681,1680,1672,1640,1242,1237,1241,1109,1641,1682,1676,1627
385,386,508,505,169,170,395,393,1685,1684,1683,1640,1686,1687,1688,1680,1681,1689,1690,1672
386,155,377,508,170,24,148,395,1692,1501,1691,1684,1693,1573,1694,1687,1689,1575,1574,1690
377,378,510,508,148,147,396,395,1512,1696,1695,1691,1580,1697,1698,1694,1574,1581,1699,1690
378,156,383,510,147,23,168,396,1520,1701,1700,1696,1585,1702,1703,1697,1581,1586,1704,1699
508,510,506,505,395,396,394,393,1695,1705,1628,1683,1698,1706,1674,1688,1690,1699,1673,1672
510,383,382,506,396,168,167,394,1700,1707,1632,1705,1703,1708,1678,1706,1699,1704,1677,1673
388,391,508,505,162,163,386,385,1710,1709,1683,1651,1711,1712,1685,1652,1653,1713,1684,1640
391,139,377,508,163,21,155,386,1714,1506,1691,1709,1715,1507,1692,1712,1713,1502,1501,1684
382,383,510,506,165,166,392,390,1707,1700,1705,1632,1716,1717,1718,1667,1668,1719,1720,1666
383,156,378,510,166,22,140,392,1701,1520,1696,1700,1721,1521,1722,1717,1719,1524,1516,1720
506,510,508,505,390,392,391,388,1705,1695,1683,1628,1718,1723,1710,1671,1666,1720,1709,1651
510,378,377,508,392,140,139,391,1696,1512,1691,1695,1722,1513,1714,1723,1720,1516,1506,1709
397,81,262,512,157,2,28,380,1726,539,1725,1724,1624,540,1617,1625,1727,543,535,1728
398,82,264,511,397,81,262,512,1731,740,1730,1729,1726,539,1725,1724,1732,741,736,1733
262,261,515,512,28,27,379,380,531,1735,1734,1725,532,1619,1618,1617,535,525,1736,1728
261,78,400,515,27,1,158,379,520,1738,1737,1735,521,1637,1638,1619,525,526,1739,1736
264,263,513,511,262,261,515,512,735,1741,1740,1730,531,1735,1734,1725,736,729,1742,1733
263,77,401,513,261,78,400,515,728,1744,1743,1741,520,1738,1737,1735,729,730,1745,1742
400,171,403,515,158,25,159,379,1748,1747,1746,1737,1647,1646,1648,1638,1739,1749,1750,1736
515,403,404,512,379,159,160,380,1746,1752,1751,1734,1648,1665,1661,1618,1736,1750,1753,1728
401,172,405,513,400,171,403,515,1756,1755,1754,1743,1748,1747,1746,1737,1745,1757,1758,1742
513,405,406,511,515,403,404,512,1754,1760,1759,1740,1746,1752,1751,1734,1742,1758,1761,1733
404,174,397,512,160,26,157,380,1763,1762,1724,1751,1660,1659,1625,1661,1753,1764,1727,1728
406,175,398,511,404,174,397,512,1766,1765,1729,1759,1763,1762,1724,1751,1761,1767,1732,1733
409,410,513,511,51,52,263,264,1770,1769,1740,1768,863,857,735,864,1772,1771,1741,1730
410,177,401,513,52,8,77,263,1774,1773,1743,1769,856,858,728,857,1771,1775,1744,1741
398,179,409,511,82,5,51,264,1777,1776,1768,1729,869,868,864,740,1731,1778,1772,1730
410,411,516,513,177,178,402,401,1781,1780,1779,1769,1782,1783,1784,1773,1774,1785,1786,1743
411,125,356,516,178,17,138,402,1788,1458,1787,1780,1789,1463,1790,1783,1785,1462,1387,1786
409,412,514,511,410,411,516,513,1793,1792,1791,1768,1781,1780,1779,1769,1770,1794,1795,1740
412,126,355,514,411,125,356,516,1797,1451,1796,1792,1788,1458,1787,1780,1794,1457,1379,1795
356,116,407,516,138,14,173,402,1383,1799,1798,1787,1391,1800,1801,1790,1387,1388,1802,1786
516,407,405,513,402,173,172,401,1798,1803,1754,1779,1801,1804,1756,1784,1786,1802,1755,1743
355,115,408,514,356,116,407,516,1373,1806,1805,1796,1383,1799,1798,1787,1379,1380,1807,1795
514,408,406,511,516,407,405,513,1805,1808,1759,1791,1798,1803,1754,1779,1795,1807,1760,1740
398,399,514,511,179,180,412,409,1810,1809,1791,1729,1811,1812,1793,1776,1777,1813,1792,1768
399,136,355,514,180,20,126,412,1814,1368,1796,1809,1815,1450,1797,1812,1813,1452,1451,1792
406,408,514,511,175,176,399,398,1808,1805,1791,1759,1816,1817,1810,1765,1766,1818,1809,1729
408,115,355,514,176,13,136,399,1806,1373,1796,1805,1819,1374,1814,1817,1818,1369,1368,1809
