1,6.29064e+07,9.28443e+07
1,5.97494e+07,8.82891e+07
1,6.39361e+07,8.73812e+07
1,6.21829e+07,8.45091e+07
1,7.36823e+07,1.18139e+08
1,6.96791e+07,1.11786e+08
1,6.74155e+07,1.06376e+08
1,6.49369e+07,1.02093e+08
2,5.88261e+07,8.69038e+07
2,5.88256e+07,8.69091e+07
2,6.1479e+07,8.35663e+07
2,6.1479e+07,8.35659e+07
2,6.8566e+07,1.09805e+08
2,6.85654e+07,1.09803e+08
2,6.41605e+07,1.00755e+08
2,6.41603e+07,1.00755e+08
3,5.97488e+07,8.82962e+07
3,6.29058e+07,9.28457e+07
3,6.2183e+07,8.45085e+07
3,6.39363e+07,8.73813e+07
3,6.96785e+07,1.11783e+08
3,7.36821e+07,1.18138e+08
3,6.49365e+07,1.02093e+08
3,6.74153e+07,1.06376e+08
4,6.46136e+07,8.52041e+07
4,6.33138e+07,8.31181e+07
4,6.63849e+07,8.45478e+07
4,6.5405e+07,8.2922e+07
4,6.35594e+07,9.87277e+07
4,6.16577e+07,9.55564e+07
4,5.88997e+07,9.12614e+07
4,5.75903e+07,8.8963e+07
5,6.28833e+07,8.23792e+07
5,6.28832e+07,8.23781e+07
5,6.50372e+07,8.23394e+07
5,6.5037e+07,8.23394e+07
5,6.09881e+07,9.44387e+07
5,6.0989e+07,9.44403e+07
5,5.71191e+07,8.81504e+07
5,5.71191e+07,8.81505e+07
6,6.33137e+07,8.31166e+07
6,6.46135e+07,8.52037e+07
6,6.54048e+07,8.2922e+07
6,6.63848e+07,8.45478e+07
6,6.16588e+07,9.55586e+07
6,6.35598e+07,9.87284e+07
6,5.75903e+07,8.89632e+07
6,5.88997e+07,9.12614e+07
7,6.76195e+07,8.49426e+07
7,6.67378e+07,8.34738e+07
7,6.99086e+07,8.62473e+07
7,6.90765e+07,8.48726e+07
7,5.70903e+07,8.76321e+07
7,5.59442e+07,8.56776e+07
7,5.50685e+07,8.43286e+07
7,5.4108e+07,8.2652e+07
8,6.64288e+07,8.29388e+07
8,6.64289e+07,8.29391e+07
8,6.87751e+07,8.43748e+07
8,6.87752e+07,8.43749e+07
8,5.55225e+07,8.49655e+07
8,5.55222e+07,8.4965e+07
8,5.37529e+07,8.20423e+07
8,5.37528e+07,8.20422e+07
9,6.6738e+07,8.34742e+07
9,6.76195e+07,8.49427e+07
9,6.90766e+07,8.48726e+07
9,6.99086e+07,8.62474e+07
9,5.59438e+07,8.56769e+07
9,5.70902e+07,8.76319e+07
9,5.4108e+07,8.26519e+07
9,5.50685e+07,8.43285e+07
10,7.1556e+07,8.74403e+07
10,7.07549e+07,8.61045e+07
10,7.40865e+07,8.93022e+07
10,7.33014e+07,8.80039e+07
10,5.44845e+07,8.29243e+07
10,5.35648e+07,8.1342e+07
10,5.39043e+07,8.17082e+07
10,5.30351e+07,8.02007e+07
11,7.04668e+07,8.56194e+07
11,7.04667e+07,8.56193e+07
11,7.30169e+07,8.75333e+07
11,7.30169e+07,8.75333e+07
11,5.32263e+07,8.07657e+07
11,5.32264e+07,8.07658e+07
11,5.27163e+07,7.96515e+07
11,5.27163e+07,7.96515e+07
12,7.07548e+07,8.61044e+07
12,7.1556e+07,8.74403e+07
12,7.33013e+07,8.80039e+07
12,7.40865e+07,8.93022e+07
12,5.35649e+07,8.13422e+07
12,5.44845e+07,8.29243e+07
12,5.30351e+07,8.02007e+07
12,5.39043e+07,8.17082e+07
13,7.59445e+07,9.0729e+07
13,7.51778e+07,8.94566e+07
13,7.8651e+07,9.28066e+07
13,7.78986e+07,9.15651e+07
13,5.39227e+07,8.12856e+07
13,5.30596e+07,7.97987e+07
13,5.40473e+07,8.10053e+07
13,5.31908e+07,7.95286e+07
14,7.48986e+07,8.89934e+07
14,7.48986e+07,8.89934e+07
14,7.76234e+07,9.11132e+07
14,7.76234e+07,9.11132e+07
14,5.27433e+07,7.92563e+07
14,5.27433e+07,7.92562e+07
14,5.28772e+07,7.89893e+07
14,5.28772e+07,7.89893e+07
15,7.51778e+07,8.94566e+07
15,7.59445e+07,9.0729e+07
15,7.78986e+07,9.15651e+07
15,7.8651e+07,9.28066e+07
15,5.30595e+07,7.97987e+07
15,5.39227e+07,8.12856e+07
15,5.31908e+07,7.95286e+07
15,5.40473e+07,8.10053e+07
16,8.06637e+07,9.43966e+07
16,7.99154e+07,9.31698e+07
16,8.35415e+07,9.67059e+07
16,8.27948e+07,9.54876e+07
16,5.4362e+07,8.10091e+07
16,5.35017e+07,7.95279e+07
16,5.48613e+07,8.11383e+07
16,5.39935e+07,7.96367e+07
17,7.96461e+07,9.27235e+07
17,7.96461e+07,9.27235e+07
17,8.25179e+07,9.50491e+07
17,8.25179e+07,9.50491e+07
17,5.31875e+07,7.89857e+07
17,5.31875e+07,7.89857e+07
17,5.36746e+07,7.90885e+07
17,5.36746e+07,7.90885e+07
18,7.99154e+07,9.31698e+07
18,8.06637e+07,9.43966e+07
18,8.27948e+07,9.54876e+07
18,8.35415e+07,9.67059e+07
18,5.35017e+07,7.95279e+07
18,5.4362e+07,8.10091e+07
18,5.39935e+07,7.96367e+07
18,5.48613e+07,8.11383e+07
19,8.57654e+07,9.84957e+07
19,8.50117e+07,9.72854e+07
19,8.88793e+07,1.00985e+08
19,8.81802e+07,9.98447e+07
19,5.52606e+07,8.13229e+07
19,5.43621e+07,7.97878e+07
19,5.58063e+07,8.152e+07
19,5.48967e+07,7.99679e+07
20,8.47499e+07,9.68552e+07
20,8.47499e+07,9.68552e+07
20,8.79373e+07,9.94429e+07
20,8.79373e+07,9.94429e+07
20,5.40402e+07,7.92356e+07
20,5.40402e+07,7.92356e+07
20,5.45719e+07,7.94118e+07
20,5.45719e+07,7.94118e+07
21,8.50117e+07,9.72854e+07
21,8.57654e+07,9.84957e+07
21,8.81802e+07,9.98447e+07
21,8.88793e+07,1.00985e+08
21,5.43621e+07,7.97878e+07
21,5.52606e+07,8.13229e+07
21,5.48967e+07,7.99679e+07
21,5.58063e+07,8.152e+07
22,9.09473e+07,1.02681e+08
22,9.01847e+07,1.01493e+08
22,9.35129e+07,1.04663e+08
22,9.30897e+07,1.03615e+08
22,5.63406e+07,8.16817e+07
22,5.54248e+07,8.0086e+07
22,5.67831e+07,8.14267e+07
22,5.60146e+07,7.99512e+07
23,9.01141e+07,1.0123e+08
23,9.01141e+07,1.0123e+08
23,9.29964e+07,1.03543e+08
23,9.29964e+07,1.03543e+08
23,5.51724e+07,7.95948e+07
23,5.51724e+07,7.95948e+07
23,5.57983e+07,7.95837e+07
23,5.57983e+07,7.95837e+07
24,9.01847e+07,1.01493e+08
24,9.09473e+07,1.02681e+08
24,9.30897e+07,1.03615e+08
24,9.35129e+07,1.04663e+08
24,5.54248e+07,8.0086e+07
24,5.63406e+07,8.16817e+07
24,5.60146e+07,7.99512e+07
24,5.67831e+07,8.14267e+07
25,9.59543e+07,1.06053e+08
25,9.58873e+07,1.05552e+08
25,9.68502e+07,1.04835e+08
25,9.80862e+07,1.06497e+08
25,5.63771e+07,8.06481e+07
25,5.56992e+07,7.93028e+07
25,5.48683e+07,7.65266e+07
25,5.50259e+07,7.65206e+07
26,9.62777e+07,1.05858e+08
26,9.62777e+07,1.05858e+08
26,9.94924e+07,1.07359e+08
26,9.94924e+07,1.07359e+08
26,5.57065e+07,7.92135e+07
26,5.57065e+07,7.92135e+07
26,5.55318e+07,7.69879e+07
26,5.55318e+07,7.69879e+07
27,9.58873e+07,1.05552e+08
27,9.59543e+07,1.06053e+08
27,9.80862e+07,1.06497e+08
27,9.68502e+07,1.04835e+08
27,5.56992e+07,7.93028e+07
27,5.63771e+07,8.06481e+07
27,5.50259e+07,7.65206e+07
27,5.48683e+07,7.65266e+07
28,9.42135e+07,1.016e+08
28,9.82113e+07,1.04812e+08
28,9.24871e+07,9.49105e+07
28,1.00125e+08,9.88079e+07
28,5.20052e+07,7.21722e+07
28,5.35401e+07,7.36946e+07
28,4.58669e+07,6.04018e+07
28,4.98212e+07,6.49304e+07
29,9.96376e+07,1.05842e+08
29,9.96376e+07,1.05842e+08
29,1.00372e+08,1.01235e+08
29,1.00372e+08,1.01235e+08
29,5.45325e+07,7.50552e+07
29,5.45325e+07,7.50552e+07
29,5.08704e+07,6.71084e+07
29,5.08704e+07,6.71084e+07
30,9.82113e+07,1.04812e+08
30,9.42135e+07,1.016e+08
30,1.00125e+08,9.88079e+07
30,9.24871e+07,9.49105e+07
30,5.35401e+07,7.36946e+07
30,5.20052e+07,7.21722e+07
30,4.98212e+07,6.49304e+07
30,4.58669e+07,6.04018e+07
31,8.59316e+07,8.40567e+07
31,9.25667e+07,8.81108e+07
31,9.36718e+07,7.10378e+07
31,8.33593e+07,6.43977e+07
31,3.92797e+07,4.84688e+07
31,4.43758e+07,5.56407e+07
31,2.85319e+07,2.51731e+07
31,3.16214e+07,3.28268e+07
32,9.62495e+07,8.80623e+07
32,9.62495e+07,8.80623e+07
32,8.39595e+07,6.09595e+07
32,8.39595e+07,6.09595e+07
32,4.60467e+07,5.6965e+07
32,4.60467e+07,5.6965e+07
32,3.34781e+07,3.51428e+07
32,3.34781e+07,3.51428e+07
33,9.25667e+07,8.81108e+07
33,8.59316e+07,8.40567e+07
33,8.33593e+07,6.43977e+07
33,9.36718e+07,7.10378e+07
33,4.43758e+07,5.56407e+07
33,3.92797e+07,4.84688e+07
33,3.16214e+07,3.28268e+07
33,2.85319e+07,2.51731e+07
34,4.66529e+07,4.22933e+07
34,4.86427e+07,4.5228e+07
34,6.21048e+07,5.96662e+07
34,6.32831e+07,6.13173e+07
34,4.91746e+07,6.14293e+07
34,4.79574e+07,6.00528e+07
34,5.83273e+07,6.70766e+07
34,5.79503e+07,6.65209e+07
35,4.92832e+07,4.61026e+07
35,4.92835e+07,4.61008e+07
35,6.35181e+07,6.18073e+07
35,6.35185e+07,6.18075e+07
35,4.74131e+07,5.94487e+07
35,4.74159e+07,5.94466e+07
35,5.75744e+07,6.61991e+07
35,5.75735e+07,6.61979e+07
36,4.86416e+07,4.52278e+07
36,4.66528e+07,4.22955e+07
36,6.32839e+07,6.13177e+07
36,6.21042e+07,5.96658e+07
36,4.79614e+07,6.00502e+07
36,4.91761e+07,6.14297e+07
36,5.79492e+07,6.65194e+07
36,5.83272e+07,6.70768e+07
37,7.29578e+07,7.19622e+07
37,7.33637e+07,7.26908e+07
37,8.4377e+07,8.56233e+07
37,8.43516e+07,8.56076e+07
37,6.36242e+07,7.20152e+07
37,6.32265e+07,7.14629e+07
37,7.09416e+07,7.94599e+07
37,7.04801e+07,7.87308e+07
38,7.3473e+07,7.29873e+07
38,7.34731e+07,7.29875e+07
38,8.43137e+07,8.56365e+07
38,8.43138e+07,8.56367e+07
38,6.30884e+07,7.12349e+07
38,6.30883e+07,7.12357e+07
38,7.02782e+07,7.8466e+07
38,7.02785e+07,7.84663e+07
39,7.33639e+07,7.26906e+07
39,7.29575e+07,7.19615e+07
39,8.43515e+07,8.56076e+07
39,8.43771e+07,8.56233e+07
39,6.32263e+07,7.14641e+07
39,6.36241e+07,7.20154e+07
39,7.04805e+07,7.87312e+07
39,7.09418e+07,7.946e+07
40,9.24693e+07,9.45364e+07
40,9.2174e+07,9.41688e+07
40,1.01541e+08,1.04742e+08
40,1.01136e+08,1.04138e+08
40,7.5551e+07,8.44027e+07
40,7.49999e+07,8.35353e+07
40,8.1524e+07,9.06098e+07
40,8.09005e+07,8.96132e+07
41,9.20484e+07,9.40605e+07
41,9.20484e+07,9.40605e+07
41,1.00977e+08,1.03941e+08
41,1.00977e+08,1.03941e+08
41,7.48008e+07,8.32309e+07
41,7.48007e+07,8.32307e+07
41,8.06716e+07,8.9264e+07
41,8.06715e+07,8.9264e+07
42,9.2174e+07,9.41688e+07
42,9.24693e+07,9.45365e+07
42,1.01136e+08,1.04138e+08
42,1.01541e+08,1.04742e+08
42,7.49999e+07,8.3535e+07
42,7.55509e+07,8.44027e+07
42,8.09004e+07,8.9613e+07
42,8.1524e+07,9.06097e+07
43,1.08155e+08,1.11573e+08
43,1.07694e+08,1.10901e+08
43,1.16399e+08,1.20126e+08
43,1.15953e+08,1.19446e+08
43,8.54301e+07,9.45668e+07
43,8.47831e+07,9.35327e+07
43,9.06227e+07,9.96082e+07
43,8.99717e+07,9.85661e+07
44,1.07516e+08,1.10669e+08
44,1.07516e+08,1.10669e+08
44,1.15786e+08,1.19207e+08
44,1.15786e+08,1.19207e+08
44,8.45493e+07,9.31651e+07
44,8.45493e+07,9.31651e+07
44,8.97356e+07,9.81948e+07
44,8.97356e+07,9.81948e+07
45,1.07694e+08,1.10901e+08
45,1.08155e+08,1.11573e+08
45,1.15953e+08,1.19446e+08
45,1.16399e+08,1.20126e+08
45,8.47832e+07,9.35328e+07
45,8.54301e+07,9.45668e+07
45,8.99717e+07,9.85661e+07
45,9.06227e+07,9.96082e+07
46,1.22475e+08,1.26139e+08
46,1.22039e+08,1.25484e+08
46,1.30544e+08,1.3415e+08
46,1.30143e+08,1.33537e+08
46,9.42616e+07,1.03046e+08
46,9.36216e+07,1.02025e+08
46,9.92495e+07,1.07679e+08
46,9.86273e+07,1.06693e+08
47,1.21875e+08,1.25246e+08
47,1.21875e+08,1.25246e+08
47,1.29993e+08,1.33314e+08
47,1.29993e+08,1.33314e+08
47,9.3388e+07,1.01657e+08
47,9.3388e+07,1.01657e+08
47,9.84e+07,1.06336e+08
47,9.84e+07,1.06336e+08
48,1.22039e+08,1.25484e+08
48,1.22475e+08,1.26139e+08
48,1.30143e+08,1.33537e+08
48,1.30544e+08,1.3415e+08
48,9.36215e+07,1.02025e+08
48,9.42616e+07,1.03046e+08
48,9.86273e+07,1.06693e+08
48,9.92495e+07,1.07679e+08
49,1.36512e+08,1.39984e+08
49,1.36118e+08,1.39394e+08
49,1.44628e+08,1.47959e+08
49,1.44253e+08,1.47387e+08
49,1.02908e+08,1.11044e+08
49,1.02297e+08,1.10083e+08
49,1.07997e+08,1.1572e+08
49,1.07407e+08,1.1478e+08
50,1.3598e+08,1.3918e+08
50,1.3598e+08,1.3918e+08
50,1.44104e+08,1.4719e+08
50,1.44104e+08,1.4719e+08
50,1.0208e+08,1.09735e+08
50,1.0208e+08,1.09735e+08
50,1.07183e+08,1.14447e+08
50,1.07183e+08,1.14447e+08
51,1.36118e+08,1.39394e+08
51,1.36512e+08,1.39984e+08
51,1.44253e+08,1.47387e+08
51,1.44628e+08,1.47959e+08
51,1.02297e+08,1.10083e+08
51,1.02908e+08,1.11044e+08
51,1.07407e+08,1.1478e+08
51,1.07997e+08,1.1572e+08
52,1.50652e+08,1.53821e+08
52,1.50263e+08,1.53279e+08
52,1.58964e+08,1.61855e+08
52,1.58682e+08,1.61465e+08
52,1.11759e+08,1.1919e+08
52,1.1115e+08,1.1827e+08
52,1.16885e+08,1.23944e+08
52,1.16338e+08,1.2313e+08
53,1.50139e+08,1.53092e+08
53,1.50139e+08,1.53092e+08
53,1.58596e+08,1.61333e+08
53,1.58596e+08,1.61333e+08
53,1.10943e+08,1.17944e+08
53,1.10943e+08,1.17944e+08
53,1.16152e+08,1.22845e+08
53,1.16152e+08,1.22845e+08
54,1.50263e+08,1.53279e+08
54,1.50652e+08,1.53821e+08
54,1.58682e+08,1.61465e+08
54,1.58964e+08,1.61855e+08
54,1.1115e+08,1.1827e+08
54,1.11759e+08,1.1919e+08
54,1.16338e+08,1.2313e+08
54,1.16885e+08,1.23944e+08
55,1.65026e+08,1.67883e+08
55,1.64658e+08,1.67425e+08
55,1.72805e+08,1.75844e+08
55,1.73139e+08,1.75648e+08
55,1.20919e+08,1.27641e+08
55,1.20356e+08,1.26809e+08
55,1.26122e+08,1.32329e+08
55,1.26149e+08,1.3172e+08
56,1.64874e+08,1.67558e+08
56,1.64874e+08,1.67558e+08
56,1.7325e+08,1.76128e+08
56,1.7325e+08,1.76128e+08
56,1.20426e+08,1.26737e+08
56,1.20426e+08,1.26737e+08
56,1.26173e+08,1.31909e+08
56,1.26173e+08,1.31909e+08
57,1.64658e+08,1.67425e+08
57,1.65026e+08,1.67883e+08
57,1.73139e+08,1.75648e+08
57,1.72805e+08,1.75844e+08
57,1.20356e+08,1.26809e+08
57,1.20919e+08,1.27641e+08
57,1.26149e+08,1.3172e+08
57,1.26122e+08,1.32329e+08
58,1.78505e+08,1.80912e+08
58,1.79356e+08,1.81806e+08
58,1.86808e+08,1.86291e+08
58,1.90339e+08,1.91196e+08
58,1.28996e+08,1.3468e+08
58,1.29324e+08,1.34789e+08
58,1.31416e+08,1.3537e+08
58,1.33512e+08,1.38324e+08
59,1.80333e+08,1.82944e+08
59,1.80333e+08,1.82944e+08
59,1.93197e+08,1.93142e+08
59,1.93197e+08,1.93142e+08
59,1.29901e+08,1.35419e+08
59,1.29901e+08,1.35419e+08
59,1.35401e+08,1.39591e+08
59,1.35401e+08,1.39591e+08
60,1.79356e+08,1.81806e+08
60,1.78505e+08,1.80912e+08
60,1.90339e+08,1.91196e+08
60,1.86808e+08,1.86291e+08
60,1.29324e+08,1.34789e+08
60,1.28996e+08,1.3468e+08
60,1.33512e+08,1.38324e+08
60,1.31416e+08,1.3537e+08
61,1.87741e+08,1.89253e+08
61,1.95881e+08,1.95353e+08
61,1.84264e+08,1.86275e+08
61,1.99137e+08,1.90247e+08
61,1.33074e+08,1.36196e+08
61,1.39229e+08,1.40767e+08
61,1.32709e+08,1.32604e+08
61,1.43845e+08,1.3653e+08
62,1.97611e+08,1.95955e+08
62,1.97611e+08,1.95955e+08
62,1.98142e+08,1.93541e+08
62,1.98142e+08,1.93541e+08
62,1.40815e+08,1.41643e+08
62,1.40815e+08,1.41643e+08
62,1.4358e+08,1.39431e+08
62,1.4358e+08,1.39431e+08
63,1.95881e+08,1.95353e+08
63,1.87741e+08,1.89253e+08
63,1.99137e+08,1.90247e+08
63,1.84264e+08,1.86275e+08
63,1.39229e+08,1.40767e+08
63,1.33074e+08,1.36196e+08
63,1.43845e+08,1.3653e+08
63,1.32709e+08,1.32604e+08
64,2.00593e+08,1.8911e+08
64,2.12543e+08,1.91484e+08
64,2.16471e+08,1.60567e+08
64,1.86692e+08,1.37061e+08
64,1.28721e+08,1.22841e+08
64,1.3736e+08,1.25812e+08
64,1.42502e+08,1.05914e+08
64,1.23678e+08,9.16402e+07
65,2.19997e+08,1.90309e+08
65,2.19997e+08,1.90309e+08
65,1.85011e+08,1.25616e+08
65,1.85011e+08,1.25616e+08
65,1.42513e+08,1.25136e+08
65,1.42513e+08,1.25136e+08
65,1.23311e+08,8.45331e+07
65,1.23311e+08,8.45331e+07
66,2.12543e+08,1.91485e+08
66,2.00593e+08,1.8911e+08
66,1.86692e+08,1.37061e+08
66,2.16471e+08,1.60567e+08
66,1.3736e+08,1.25812e+08
66,1.28721e+08,1.22841e+08
66,1.23678e+08,9.16402e+07
66,1.42502e+08,1.05914e+08
67,1.14937e+08,1.14759e+08
67,1.14508e+08,1.1481e+08
67,1.15655e+08,1.15318e+08
67,1.14837e+08,1.14925e+08
67,7.34167e+07,6.9435e+07
67,7.39668e+07,7.07133e+07
67,8.41127e+07,8.11868e+07
67,8.42679e+07,8.18555e+07
68,1.15092e+08,1.15606e+08
68,1.15092e+08,1.15605e+08
68,1.15216e+08,1.15619e+08
68,1.15216e+08,1.15619e+08
68,7.44152e+07,7.12889e+07
68,7.44151e+07,7.12854e+07
68,8.44338e+07,8.22162e+07
68,8.44335e+07,8.2216e+07
69,1.14509e+08,1.14809e+08
69,1.14938e+08,1.1476e+08
69,1.14838e+08,1.14926e+08
69,1.15656e+08,1.15318e+08
69,7.39652e+07,7.07112e+07
69,7.34165e+07,6.94373e+07
69,8.42679e+07,8.18553e+07
69,8.41123e+07,8.11863e+07
70,1.19728e+08,1.19396e+08
70,1.19015e+08,1.18954e+08
70,1.27778e+08,1.27725e+08
70,1.27006e+08,1.27156e+08
70,9.12203e+07,8.97902e+07
70,9.11832e+07,9.0025e+07
70,1.02422e+08,1.02009e+08
70,1.01968e+08,1.01702e+08
71,1.18979e+08,1.19192e+08
71,1.18979e+08,1.19192e+08
71,1.27014e+08,1.27312e+08
71,1.27014e+08,1.27312e+08
71,9.1238e+07,9.01962e+07
71,9.12381e+07,9.01968e+07
71,1.01916e+08,1.01687e+08
71,1.01916e+08,1.01687e+08
72,1.19016e+08,1.18955e+08
72,1.19728e+08,1.19396e+08
72,1.27006e+08,1.27156e+08
72,1.27778e+08,1.27725e+08
72,9.11833e+07,9.00252e+07
72,9.122e+07,8.97892e+07
72,1.01968e+08,1.01702e+08
72,1.02422e+08,1.02009e+08
73,1.35569e+08,1.35526e+08
73,1.34977e+08,1.3504e+08
73,1.47086e+08,1.4718e+08
73,1.46601e+08,1.46755e+08
73,1.09487e+08,1.10053e+08
73,1.09047e+08,1.09611e+08
73,1.20193e+08,1.21218e+08
73,1.19672e+08,1.20627e+08
74,1.34813e+08,1.35025e+08
74,1.34813e+08,1.35025e+08
74,1.46527e+08,1.46731e+08
74,1.46527e+08,1.46731e+08
74,1.08938e+08,1.09499e+08
74,1.08938e+08,1.09499e+08
74,1.19546e+08,1.20472e+08
74,1.19546e+08,1.20472e+08
75,1.34977e+08,1.3504e+08
75,1.35569e+08,1.35526e+08
75,1.46601e+08,1.46755e+08
75,1.47086e+08,1.4718e+08
75,1.09047e+08,1.09611e+08
75,1.09487e+08,1.10053e+08
75,1.19672e+08,1.20627e+08
75,1.20193e+08,1.21218e+08
76,1.56334e+08,1.56409e+08
76,1.56012e+08,1.56096e+08
76,1.69213e+08,1.69333e+08
76,1.68997e+08,1.69112e+08
76,1.27404e+08,1.28821e+08
76,1.26973e+08,1.2826e+08
76,1.37806e+08,1.39288e+08
76,1.37412e+08,1.38764e+08
77,1.55881e+08,1.56017e+08
77,1.55881e+08,1.56017e+08
77,1.68929e+08,1.6905e+08
77,1.68929e+08,1.6905e+08
77,1.26842e+08,1.28093e+08
77,1.26842e+08,1.28093e+08
77,1.37299e+08,1.38607e+08
77,1.37299e+08,1.38607e+08
78,1.56012e+08,1.56096e+08
78,1.56334e+08,1.56409e+08
78,1.68997e+08,1.69112e+08
78,1.69213e+08,1.69333e+08
78,1.26973e+08,1.2826e+08
78,1.27404e+08,1.28821e+08
78,1.37412e+08,1.38764e+08
78,1.37806e+08,1.39288e+08
79,1.78908e+08,1.79014e+08
79,1.78769e+08,1.78859e+08
79,1.92161e+08,1.92272e+08
79,1.92078e+08,1.9217e+08
79,1.45206e+08,1.46769e+08
79,1.44878e+08,1.46302e+08
79,1.55547e+08,1.57052e+08
79,1.55262e+08,1.5664e+08
80,1.78698e+08,1.78795e+08
80,1.78698e+08,1.78795e+08
80,1.92034e+08,1.9212e+08
80,1.92034e+08,1.9212e+08
80,1.44774e+08,1.46156e+08
80,1.44774e+08,1.46156e+08
80,1.55171e+08,1.56512e+08
80,1.55171e+08,1.56512e+08
81,1.78769e+08,1.78859e+08
81,1.78908e+08,1.79014e+08
81,1.92078e+08,1.9217e+08
81,1.92161e+08,1.92272e+08
81,1.44878e+08,1.46302e+08
81,1.45206e+08,1.46769e+08
81,1.55262e+08,1.5664e+08
81,1.55547e+08,1.57052e+08
82,2.01912e+08,2.02021e+08
82,2.01841e+08,2.0193e+08
82,2.15153e+08,2.15287e+08
82,2.15097e+08,2.15195e+08
82,1.63055e+08,1.64535e+08
82,1.62794e+08,1.64152e+08
82,1.73427e+08,1.74809e+08
82,1.73189e+08,1.74441e+08
83,2.01813e+08,2.01889e+08
83,2.01813e+08,2.01889e+08
83,2.15056e+08,2.15166e+08
83,2.15056e+08,2.15166e+08
83,1.6272e+08,1.64035e+08
83,1.6272e+08,1.64035e+08
83,1.73103e+08,1.7434e+08
83,1.73103e+08,1.7434e+08
84,2.01841e+08,2.0193e+08
84,2.01912e+08,2.02021e+08
84,2.15097e+08,2.15195e+08
84,2.15153e+08,2.15287e+08
84,1.62794e+08,1.64152e+08
84,1.63055e+08,1.64535e+08
84,1.73189e+08,1.74441e+08
84,1.73427e+08,1.74809e+08
85,2.24804e+08,2.24903e+08
85,2.24744e+08,2.24845e+08
85,2.37795e+08,2.37766e+08
85,2.3784e+08,2.37899e+08
85,1.81016e+08,1.82343e+08
85,1.80753e+08,1.82002e+08
85,1.91292e+08,1.92586e+08
85,1.91113e+08,1.92423e+08
86,2.24697e+08,2.24782e+08
86,2.24697e+08,2.24782e+08
86,2.37814e+08,2.37913e+08
86,2.37814e+08,2.37913e+08
86,1.80679e+08,1.81893e+08
86,1.80679e+08,1.81893e+08
86,1.91063e+08,1.92375e+08
86,1.91063e+08,1.92375e+08
87,2.24744e+08,2.24845e+08
87,2.24804e+08,2.24903e+08
87,2.3784e+08,2.37899e+08
87,2.37795e+08,2.37766e+08
87,1.80753e+08,1.82002e+08
87,1.81016e+08,1.82343e+08
87,1.91113e+08,1.92423e+08
87,1.91292e+08,1.92586e+08
88,2.47248e+08,2.47371e+08
88,2.4706e+08,2.47349e+08
88,2.59656e+08,2.60422e+08
88,2.60333e+08,2.60743e+08
88,1.98863e+08,2.00079e+08
88,1.98604e+08,1.9984e+08
88,2.09134e+08,2.10168e+08
88,2.09717e+08,2.10232e+08
89,2.47558e+08,2.47816e+08
89,2.47558e+08,2.47816e+08
89,2.60574e+08,2.61725e+08
89,2.60574e+08,2.61725e+08
89,1.98956e+08,2.0013e+08
89,1.98956e+08,2.0013e+08
89,2.09942e+08,2.10938e+08
89,2.09942e+08,2.10938e+08
90,2.4706e+08,2.47349e+08
90,2.47248e+08,2.47371e+08
90,2.60333e+08,2.60743e+08
90,2.59656e+08,2.60422e+08
90,1.98604e+08,1.9984e+08
90,1.98863e+08,2.00079e+08
90,2.09717e+08,2.10232e+08
90,2.09134e+08,2.10168e+08
91,2.68155e+08,2.68463e+08
91,2.69804e+08,2.70416e+08
91,2.79076e+08,2.75507e+08
91,2.83377e+08,2.8275e+08
91,2.16705e+08,2.17604e+08
91,2.1766e+08,2.18762e+08
91,2.2435e+08,2.25274e+08
91,2.27694e+08,2.31108e+08
92,2.70651e+08,2.71456e+08
92,2.70651e+08,2.71456e+08
92,2.86244e+08,2.84866e+08
92,2.86244e+08,2.84866e+08
92,2.18687e+08,2.19891e+08
92,2.18687e+08,2.19891e+08
92,2.30698e+08,2.33055e+08
92,2.30698e+08,2.33055e+08
93,2.69804e+08,2.70416e+08
93,2.68155e+08,2.68463e+08
93,2.83377e+08,2.8275e+08
93,2.79076e+08,2.75507e+08
93,2.1766e+08,2.18762e+08
93,2.16705e+08,2.17604e+08
93,2.27694e+08,2.31108e+08
93,2.2435e+08,2.25274e+08
94,2.84991e+08,2.88343e+08
94,2.93872e+08,2.9665e+08
94,2.99715e+08,3.05113e+08
94,3.16618e+08,3.10317e+08
94,2.32304e+08,2.34311e+08
94,2.42409e+08,2.42488e+08
94,2.43673e+08,2.34783e+08
94,2.62115e+08,2.40124e+08
95,2.96614e+08,2.97935e+08
95,2.96614e+08,2.97935e+08
95,3.12722e+08,3.1669e+08
95,3.12722e+08,3.1669e+08
95,2.45049e+08,2.43412e+08
95,2.45049e+08,2.43412e+08
95,2.61035e+08,2.44915e+08
95,2.61035e+08,2.44915e+08
96,2.93872e+08,2.9665e+08
96,2.84991e+08,2.88343e+08
96,3.16618e+08,3.10317e+08
96,2.99715e+08,3.05113e+08
96,2.42409e+08,2.42488e+08
96,2.32304e+08,2.34311e+08
96,2.62115e+08,2.40124e+08
96,2.43673e+08,2.34783e+08
97,3.16696e+08,3.20203e+08
97,3.30892e+08,3.2265e+08
97,4.24335e+08,3.31159e+08
97,3.8431e+08,3.00139e+08
97,2.40607e+08,2.37844e+08
97,2.53591e+08,2.3967e+08
97,2.74133e+08,2.19153e+08
97,2.37686e+08,1.90526e+08
98,3.41096e+08,3.20814e+08
98,3.41096e+08,3.20814e+08
98,3.85699e+08,2.83934e+08
98,3.85699e+08,2.83934e+08
98,2.62377e+08,2.38217e+08
98,2.62377e+08,2.38217e+08
98,2.36152e+08,1.77025e+08
98,2.36152e+08,1.77025e+08
99,3.30892e+08,3.2265e+08
99,3.16696e+08,3.20203e+08
99,3.8431e+08,3.00139e+08
99,4.24335e+08,3.31159e+08
99,2.53591e+08,2.3967e+08
99,2.40607e+08,2.37844e+08
99,2.37686e+08,1.90526e+08
99,2.74133e+08,2.19153e+08
100,7.48464e+07,1.21364e+08
100,7.17356e+07,1.15304e+08
100,6.39858e+07,1.08134e+08
100,6.16082e+07,1.0398e+08
100,5.91517e+07,1.02712e+08
100,5.7602e+07,9.90338e+07
100,4.60998e+07,9.28937e+07
100,4.47691e+07,9.04582e+07
101,7.06268e+07,1.13411e+08
101,7.06292e+07,1.13413e+08
101,6.08714e+07,1.02678e+08
101,6.08713e+07,1.02677e+08
101,5.71487e+07,9.79556e+07
101,5.71399e+07,9.79488e+07
101,4.45058e+07,8.96641e+07
101,4.45065e+07,8.96648e+07
102,7.17392e+07,1.15307e+08
102,7.48478e+07,1.21366e+08
102,6.1608e+07,1.0398e+08
102,6.39858e+07,1.08133e+08
102,5.75902e+07,9.90246e+07
102,5.91483e+07,1.02709e+08
102,4.47701e+07,9.04592e+07
102,4.61001e+07,9.28937e+07
103,5.68136e+07,9.96619e+07
103,5.51115e+07,9.65894e+07
103,5.0669e+07,9.14492e+07
103,4.9363e+07,8.92308e+07
103,3.9623e+07,8.81825e+07
103,3.86998e+07,8.64377e+07
103,3.30032e+07,8.48026e+07
103,3.22553e+07,8.34915e+07
104,5.45073e+07,9.55022e+07
104,5.45059e+07,9.55006e+07
104,4.89139e+07,8.84468e+07
104,4.89138e+07,8.84466e+07
104,3.83579e+07,8.58286e+07
104,3.83593e+07,8.58298e+07
104,3.20152e+07,8.30273e+07
104,3.2015e+07,8.30273e+07
105,5.51095e+07,9.65871e+07
105,5.68129e+07,9.96612e+07
105,4.93628e+07,8.92305e+07
105,5.06689e+07,9.14491e+07
105,3.87017e+07,8.64393e+07
105,3.96236e+07,8.8183e+07
105,3.2255e+07,8.34916e+07
105,3.30031e+07,8.48026e+07
106,4.69998e+07,8.74313e+07
106,4.59337e+07,8.55559e+07
106,4.38763e+07,8.37343e+07
106,4.29421e+07,8.21332e+07
106,3.0236e+07,8.3969e+07
106,2.95608e+07,8.28056e+07
106,2.72555e+07,8.42297e+07
106,2.66182e+07,8.31345e+07
107,4.5548e+07,8.48745e+07
107,4.55484e+07,8.4875e+07
107,4.26068e+07,8.15509e+07
107,4.26068e+07,8.15509e+07
107,2.93124e+07,8.23852e+07
107,2.93121e+07,8.23849e+07
107,2.63914e+07,8.27389e+07
107,2.63914e+07,8.27388e+07
108,4.59341e+07,8.55565e+07
108,4.69999e+07,8.74315e+07
108,4.29421e+07,8.21333e+07
108,4.38763e+07,8.37343e+07
108,2.95603e+07,8.28052e+07
108,3.02359e+07,8.39689e+07
108,2.66182e+07,8.31345e+07
108,2.72555e+07,8.42297e+07
109,4.21245e+07,8.2179e+07
109,4.12544e+07,8.06675e+07
109,4.06287e+07,8.08988e+07
109,3.97864e+07,7.94506e+07
109,2.59533e+07,8.51365e+07
109,2.53085e+07,8.40497e+07
109,2.44696e+07,8.69378e+07
109,2.38204e+07,8.58412e+07
110,4.09405e+07,8.0116e+07
110,4.09404e+07,8.01159e+07
110,3.94818e+07,7.89225e+07
110,3.94818e+07,7.89225e+07
110,2.50739e+07,8.36556e+07
110,2.50739e+07,8.36556e+07
110,2.35857e+07,8.54443e+07
110,2.35857e+07,8.54443e+07
111,4.12543e+07,8.06673e+07
111,4.21245e+07,8.2179e+07
111,3.97864e+07,7.94506e+07
111,4.06287e+07,8.08988e+07
111,2.53086e+07,8.40498e+07
111,2.59533e+07,8.51366e+07
111,2.38203e+07,8.58413e+07
111,2.44696e+07,8.69378e+07
112,3.97876e+07,8.04977e+07
112,3.89575e+07,7.90611e+07
112,3.90411e+07,8.02995e+07
112,3.82082e+07,7.88614e+07
112,2.37273e+07,8.85178e+07
112,2.30642e+07,8.74129e+07
112,2.27995e+07,9.08948e+07
112,2.21279e+07,8.97784e+07
113,3.86563e+07,7.85369e+07
113,3.86563e+07,7.85369e+07
113,3.7905e+07,7.83361e+07
113,3.7905e+07,7.83361e+07
113,2.28241e+07,8.7011e+07
113,2.28241e+07,8.7011e+07
113,2.18849e+07,8.93723e+07
113,2.18849e+07,8.93723e+07
114,3.89575e+07,7.90612e+07
114,3.97876e+07,8.04977e+07
114,3.82082e+07,7.88615e+07
114,3.90411e+07,8.02995e+07
114,2.30641e+07,8.74129e+07
114,2.37273e+07,8.85178e+07
114,2.21279e+07,8.97784e+07
114,2.27995e+07,9.08948e+07
115,3.85923e+07,8.03836e+07
115,3.77527e+07,7.89334e+07
115,3.81215e+07,8.063e+07
115,3.72593e+07,7.91505e+07
115,2.22715e+07,9.27503e+07
115,2.15942e+07,9.16225e+07
115,2.15957e+07,9.54065e+07
115,2.09061e+07,9.42572e+07
116,3.7445e+07,7.84025e+07
116,3.7445e+07,7.84025e+07
116,3.69465e+07,7.86104e+07
116,3.69465e+07,7.86104e+07
116,2.13444e+07,9.12123e+07
116,2.13444e+07,9.12123e+07
116,2.06614e+07,9.38441e+07
116,2.06614e+07,9.38441e+07
117,3.77527e+07,7.89334e+07
117,3.85923e+07,8.03836e+07
117,3.72593e+07,7.91505e+07
117,3.81215e+07,8.063e+07
117,2.15942e+07,9.16225e+07
117,2.22715e+07,9.27503e+07
117,2.09061e+07,9.42572e+07
117,2.15957e+07,9.54065e+07
118,3.78845e+07,8.0897e+07
118,3.701e+07,7.93788e+07
118,3.75175e+07,8.11964e+07
118,3.66269e+07,7.96555e+07
118,2.11145e+07,9.74343e+07
118,2.0417e+07,9.62762e+07
118,2.04055e+07,1.00201e+08
118,1.96839e+07,9.90948e+07
119,3.66943e+07,7.88328e+07
119,3.66943e+07,7.88328e+07
119,3.63063e+07,7.91035e+07
119,3.63063e+07,7.91035e+07
119,2.01626e+07,9.58651e+07
119,2.01626e+07,9.58651e+07
119,1.94228e+07,9.87056e+07
119,1.94228e+07,9.87056e+07
120,3.701e+07,7.93788e+07
120,3.78845e+07,8.0897e+07
120,3.66269e+07,7.96555e+07
120,3.75175e+07,8.11964e+07
120,2.0417e+07,9.62762e+07
120,2.11145e+07,9.74343e+07
120,1.96839e+07,9.90948e+07
120,2.04055e+07,1.00201e+08
121,3.7135e+07,8.1422e+07
121,3.61956e+07,7.98343e+07
121,3.63429e+07,8.12421e+07
121,3.539e+07,7.97713e+07
121,1.9916e+07,1.02068e+08
121,1.91925e+07,1.00905e+08
121,1.90166e+07,1.04237e+08
121,1.80977e+07,1.03204e+08
122,3.58723e+07,7.9346e+07
122,3.58723e+07,7.9346e+07
122,3.51649e+07,7.94057e+07
122,3.51649e+07,7.94057e+07
122,1.88752e+07,1.0065e+08
122,1.88752e+07,1.0065e+08
122,1.79307e+07,1.03138e+08
122,1.79307e+07,1.03138e+08
123,3.61956e+07,7.98343e+07
123,3.7135e+07,8.1422e+07
123,3.539e+07,7.97713e+07
123,3.63429e+07,8.12421e+07
123,1.91925e+07,1.00905e+08
123,1.9916e+07,1.02068e+08
123,1.80977e+07,1.03204e+08
123,1.90166e+07,1.04237e+08
124,3.58395e+07,8.05076e+07
124,3.49202e+07,7.91655e+07
124,3.2512e+07,7.64344e+07
124,3.22296e+07,7.64304e+07
124,1.77194e+07,1.05735e+08
124,1.68142e+07,1.05245e+08
124,1.49011e+07,1.04631e+08
124,1.44733e+07,1.063e+08
125,3.47893e+07,7.90775e+07
125,3.47893e+07,7.90775e+07
125,3.22444e+07,7.68984e+07
125,3.22444e+07,7.68984e+07
125,1.65774e+07,1.05555e+08
125,1.65774e+07,1.05555e+08
125,1.39265e+07,1.07163e+08
125,1.39265e+07,1.07163e+08
126,3.49202e+07,7.91655e+07
126,3.58395e+07,8.05076e+07
126,3.22296e+07,7.64304e+07
126,3.2512e+07,7.64344e+07
126,1.68142e+07,1.05245e+08
126,1.77194e+07,1.05735e+08
126,1.44733e+07,1.063e+08
126,1.49011e+07,1.04631e+08
127,3.02407e+07,7.2106e+07
127,3.03711e+07,7.36294e+07
127,2.24863e+07,6.03631e+07
127,2.39384e+07,6.48915e+07
127,1.24883e+07,1.01461e+08
127,1.13805e+07,1.04677e+08
127,4.36762e+06,9.4837e+07
127,2.85754e+06,9.87307e+07
128,3.09659e+07,7.49907e+07
128,3.09659e+07,7.49907e+07
128,2.52806e+07,6.70702e+07
128,2.52806e+07,6.70702e+07
128,1.12883e+07,1.05706e+08
128,1.12883e+07,1.05706e+08
128,3.96967e+06,1.01158e+08
128,3.96967e+06,1.01158e+08
129,3.03711e+07,7.36294e+07
129,3.02407e+07,7.2106e+07
129,2.39384e+07,6.48915e+07
129,2.24863e+07,6.03631e+07
129,1.13805e+07,1.04677e+08
129,1.24883e+07,1.01461e+08
129,2.85754e+06,9.87307e+07
129,4.36762e+06,9.4837e+07
130,1.48947e+07,4.84461e+07
130,1.85081e+07,5.56169e+07
130,-592849,2.51742e+07
130,5.04091e+06,3.28176e+07
130,745275,8.40208e+07
130,-1.45594e+06,8.80676e+07
130,-1.69991e+07,7.10414e+07
130,-1.63519e+07,6.43828e+07
131,1.84645e+07,5.69407e+07
131,1.84645e+07,5.69407e+07
131,6.29587e+06,3.51311e+07
131,6.29587e+06,3.51311e+07
131,-5.87827e+06,8.8016e+07
131,-5.87827e+06,8.8016e+07
131,-2.04102e+07,6.09372e+07
131,-2.04102e+07,6.09372e+07
132,1.85081e+07,5.56169e+07
132,1.48947e+07,4.84461e+07
132,5.04091e+06,3.28176e+07
132,-592850,2.51742e+07
132,-1.45593e+06,8.80676e+07
132,745274,8.40208e+07
132,-1.63519e+07,6.43828e+07
132,-1.69991e+07,7.10414e+07
133,3.64581e+07,7.47347e+07
133,3.67783e+07,7.44297e+07
133,2.57132e+07,7.3523e+07
133,2.58285e+07,7.35462e+07
133,3.37573e+06,4.97307e+07
133,6.50979e+06,5.38475e+07
133,1.35276e+06,6.26807e+07
133,3.10491e+06,6.52126e+07
134,3.69128e+07,7.4204e+07
134,3.69204e+07,7.42079e+07
134,2.60211e+07,7.34256e+07
134,2.6022e+07,7.34274e+07
134,7.42065e+06,5.50709e+07
134,7.41892e+06,5.50713e+07
134,3.74981e+06,6.59712e+07
134,3.74955e+06,6.59701e+07
135,3.67885e+07,7.44347e+07
135,3.646e+07,7.47348e+07
135,2.58296e+07,7.35483e+07
135,2.57127e+07,7.3523e+07
135,6.50563e+06,5.38465e+07
135,3.37439e+06,4.97287e+07
135,3.10465e+06,6.52109e+07
135,1.35231e+06,6.26807e+07
136,2.15087e+07,7.51004e+07
136,2.16144e+07,7.5076e+07
136,1.82601e+07,7.92103e+07
136,1.81659e+07,7.89895e+07
136,2.04155e+06,7.31975e+07
136,3.22519e+06,7.46991e+07
136,3.63252e+06,8.54475e+07
136,4.11657e+06,8.60766e+07
137,2.16227e+07,7.50419e+07
137,2.16214e+07,7.50409e+07
137,1.81642e+07,7.89045e+07
137,1.81642e+07,7.89042e+07
137,3.66356e+06,7.52591e+07
137,3.66423e+06,7.52589e+07
137,4.32237e+06,8.63277e+07
137,4.32235e+06,8.63277e+07
138,2.16126e+07,7.50746e+07
138,2.15083e+07,7.51002e+07
138,1.8166e+07,7.89892e+07
138,1.82602e+07,7.92102e+07
138,3.22637e+06,7.46993e+07
138,2.04169e+06,7.3198e+07
138,4.11653e+06,8.60767e+07
138,3.63263e+06,8.54474e+07
139,1.6996e+07,8.28976e+07
139,1.67856e+07,8.25022e+07
139,1.60042e+07,8.8203e+07
139,1.56558e+07,8.76093e+07
139,4.40108e+06,9.37778e+07
139,4.62489e+06,9.39572e+07
139,5.43084e+06,1.03654e+08
139,5.36698e+06,1.03472e+08
140,1.67244e+07,8.23642e+07
140,1.67246e+07,8.23644e+07
140,1.55488e+07,8.74024e+07
140,1.55488e+07,8.74025e+07
140,4.738e+06,9.4042e+07
140,4.73798e+06,9.40421e+07
140,5.37368e+06,1.03427e+08
140,5.37368e+06,1.03427e+08
141,1.67859e+07,8.25025e+07
141,1.6996e+07,8.28977e+07
141,1.56558e+07,8.76094e+07
141,1.60042e+07,8.82031e+07
141,4.62485e+06,9.39573e+07
141,4.40107e+06,9.37777e+07
141,5.36701e+06,1.03472e+08
141,5.43085e+06,1.03654e+08
142,1.55143e+07,9.20192e+07
142,1.51013e+07,9.13267e+07
142,1.49515e+07,9.71497e+07
142,1.44769e+07,9.63709e+07
142,5.69927e+06,1.10461e+08
142,5.54492e+06,1.10125e+08
142,6.06809e+06,1.19112e+08
142,5.8151e+06,1.18672e+08
143,1.49642e+07,9.10819e+07
143,1.49642e+07,9.10819e+07
143,1.43154e+07,9.60949e+07
143,1.43154e+07,9.60949e+07
143,5.51487e+06,1.10016e+08
143,5.51486e+06,1.10016e+08
143,5.7404e+06,1.18522e+08
143,5.74039e+06,1.18522e+08
144,1.51013e+07,9.13266e+07
144,1.55143e+07,9.20192e+07
144,1.44769e+07,9.63709e+07
144,1.49515e+07,9.71497e+07
144,5.54492e+06,1.10125e+08
144,5.69928e+06,1.10461e+08
144,5.8151e+06,1.18672e+08
144,6.06809e+06,1.19112e+08
145,1.45758e+07,1.00826e+08
145,1.40783e+07,1.00016e+08
145,1.40981e+07,1.05837e+08
145,1.3583e+07,1.05003e+08
145,6.05511e+06,1.25265e+08
145,5.77972e+06,1.2479e+08
145,6.0482e+06,1.33453e+08
145,5.74392e+06,1.32959e+08
146,1.39059e+07,9.97247e+07
146,1.39059e+07,9.97248e+07
146,1.34018e+07,1.04701e+08
146,1.34018e+07,1.04701e+08
146,5.69281e+06,1.2462e+08
146,5.69281e+06,1.2462e+08
146,5.6424e+06,1.32781e+08
146,5.6424e+06,1.32781e+08
147,1.40783e+07,1.00016e+08
147,1.45758e+07,1.00826e+08
147,1.3583e+07,1.05003e+08
147,1.40981e+07,1.05837e+08
147,5.77973e+06,1.2479e+08
147,6.05511e+06,1.25265e+08
147,5.74392e+06,1.32959e+08
147,6.0482e+06,1.33453e+08
148,1.37483e+07,1.09496e+08
148,1.32278e+07,1.0865e+08
148,1.32736e+07,1.14539e+08
148,1.27336e+07,1.13676e+08
148,5.93419e+06,1.39428e+08
148,5.63068e+06,1.38921e+08
148,5.81301e+06,1.47547e+08
148,5.49789e+06,1.47026e+08
149,1.30379e+07,1.08345e+08
149,1.30379e+07,1.08345e+08
149,1.25486e+07,1.13372e+08
149,1.25486e+07,1.13372e+08
149,5.52207e+06,1.38739e+08
149,5.52207e+06,1.38739e+08
149,5.40004e+06,1.46848e+08
149,5.40004e+06,1.46848e+08
150,1.32278e+07,1.0865e+08
150,1.37483e+07,1.09496e+08
150,1.27336e+07,1.13676e+08
150,1.32736e+07,1.14539e+08
150,5.63067e+06,1.38921e+08
150,5.93419e+06,1.39428e+08
150,5.49789e+06,1.47026e+08
150,5.81301e+06,1.47547e+08
151,1.29448e+07,1.18242e+08
151,1.24156e+07,1.17378e+08
151,1.24963e+07,1.23264e+08
151,1.19566e+07,1.22486e+08
151,5.64845e+06,1.53508e+08
151,5.34666e+06,1.52999e+08
151,5.34024e+06,1.61635e+08
151,5.00663e+06,1.61261e+08
152,1.22222e+07,1.17074e+08
152,1.22222e+07,1.17074e+08
152,1.17662e+07,1.22215e+08
152,1.17662e+07,1.22215e+08
152,5.23366e+06,1.52824e+08
152,5.23366e+06,1.52824e+08
152,4.88694e+06,1.61136e+08
152,4.88694e+06,1.61136e+08
153,1.24156e+07,1.17378e+08
153,1.29448e+07,1.18242e+08
153,1.19566e+07,1.22486e+08
153,1.24963e+07,1.23264e+08
153,5.34666e+06,1.52999e+08
153,5.64845e+06,1.53508e+08
153,5.00663e+06,1.61261e+08
153,5.34024e+06,1.61635e+08
154,1.2044e+07,1.27116e+08
154,1.14906e+07,1.26309e+08
154,1.11666e+07,1.31976e+08
154,1.02612e+07,1.31379e+08
154,5.23025e+06,1.67723e+08
154,4.91654e+06,1.67273e+08
154,5.17406e+06,1.75736e+08
154,4.50578e+06,1.75543e+08
155,1.12169e+07,1.26247e+08
155,1.12169e+07,1.26247e+08
155,1.01522e+07,1.31574e+08
155,1.01522e+07,1.31574e+08
155,4.71323e+06,1.6741e+08
155,4.71323e+06,1.6741e+08
155,4.55974e+06,1.76024e+08
155,4.55974e+06,1.76024e+08
156,1.14906e+07,1.26309e+08
156,1.2044e+07,1.27116e+08
156,1.02612e+07,1.31379e+08
156,1.11666e+07,1.31976e+08
156,4.91654e+06,1.67273e+08
156,5.23024e+06,1.67723e+08
156,4.50578e+06,1.75543e+08
156,5.17406e+06,1.75736e+08
157,1.03792e+07,1.34419e+08
157,9.58319e+06,1.34537e+08
157,8.03568e+06,1.35207e+08
157,7.48725e+06,1.38167e+08
157,4.47561e+06,1.80836e+08
157,3.94943e+06,1.81729e+08
157,1.2972e+06,1.86238e+08
157,954028,1.91141e+08
158,9.3905e+06,1.3517e+08
158,9.3905e+06,1.3517e+08
158,6.89461e+06,1.39435e+08
158,6.89461e+06,1.39435e+08
158,3.75963e+06,1.82867e+08
158,3.75963e+06,1.82867e+08
158,58513.1,1.93086e+08
158,58513.1,1.93086e+08
159,9.58319e+06,1.34537e+08
159,1.03792e+07,1.34419e+08
159,7.48725e+06,1.38167e+08
159,8.03568e+06,1.35207e+08
159,3.94943e+06,1.81729e+08
159,4.47561e+06,1.80836e+08
159,954028,1.91141e+08
159,1.2972e+06,1.86238e+08
160,4.91155e+06,1.36086e+08
160,2.83946e+06,1.40659e+08
160,1.36875e+06,1.32548e+08
160,-4.74564e+06,1.36469e+08
160,2.19165e+06,1.89219e+08
160,1.05214e+06,1.95316e+08
160,5.78235e+06,1.86262e+08
160,-6.67972e+06,1.90226e+08
161,2.40421e+06,1.41533e+08
161,2.40421e+06,1.41533e+08
161,-3.69848e+06,1.39368e+08
161,-3.69848e+06,1.39368e+08
161,-722791,1.95915e+08
161,-722791,1.95915e+08
161,-2.51334e+06,1.93517e+08
161,-2.51334e+06,1.93517e+08
162,2.83946e+06,1.40659e+08
162,4.91155e+06,1.36086e+08
162,-4.74564e+06,1.36469e+08
162,1.36875e+06,1.32548e+08
162,1.05214e+06,1.95316e+08
162,2.19165e+06,1.89219e+08
162,-6.67972e+06,1.90226e+08
162,5.78235e+06,1.86262e+08
163,88901.4,1.22815e+08
163,-7.13843e+06,1.25777e+08
163,-2.7865e+07,1.05922e+08
163,-2.73677e+07,9.16297e+07
163,-3.59125e+06,1.891e+08
163,-1.59689e+07,1.91464e+08
163,-4.43608e+07,1.60573e+08
163,-4.33869e+07,1.37052e+08
164,-1.56566e+07,1.25097e+08
164,-1.56566e+07,1.25097e+08
164,-3.72258e+07,8.45147e+07
164,-3.72258e+07,8.45147e+07
164,-2.79631e+07,1.90285e+08
164,-2.79631e+07,1.90285e+08
164,-5.77243e+07,1.25602e+08
164,-5.77243e+07,1.25602e+08
165,-7.13843e+06,1.25777e+08
165,88898.6,1.22815e+08
165,-2.73677e+07,9.16297e+07
165,-2.7865e+07,1.05922e+08
165,-1.59689e+07,1.91464e+08
165,-3.59126e+06,1.891e+08
165,-4.33869e+07,1.37052e+08
165,-4.43608e+07,1.60573e+08
166,-361674,6.8507e+07
166,-174092,7.13906e+07
166,-167435,8.24015e+07
166,-73804.8,8.4087e+07
166,279674,1.1826e+08
166,737052,1.19349e+08
166,165970,1.21387e+08
166,690655,1.21855e+08
167,-319137,7.24165e+07
167,-314205,7.24206e+07
167,139.581,8.47531e+07
167,70.6365,8.47542e+07
167,789879,1.20344e+08
167,791264,1.20344e+08
167,1.11757e+06,1.22736e+08
167,1.11784e+06,1.22736e+08
168,-173171,7.13936e+07
168,-365391,6.85048e+07
168,-73608.5,8.40883e+07
168,-167260,8.24024e+07
168,737899,1.19349e+08
168,279847,1.18259e+08
168,690921,1.21854e+08
168,166011,1.21387e+08
169,139985,9.1311e+07
169,182416,9.23206e+07
169,-119816,1.03426e+08
169,156240,1.03722e+08
169,86824.4,1.25884e+08
169,524394,1.26096e+08
169,132513,1.34083e+08
169,484280,1.33968e+08
170,211207,9.27624e+07
170,210098,9.27618e+07
170,295227,1.03919e+08
170,295343,1.03919e+08
170,848593,1.26555e+08
170,848247,1.26555e+08
170,729113,1.34296e+08
170,729094,1.34296e+08
171,182198,9.23205e+07
171,140942,9.13121e+07
171,156348,1.03722e+08
171,-119833,1.03426e+08
171,524116,1.26095e+08
171,86797.9,1.25883e+08
171,484269,1.33968e+08
171,132526,1.34083e+08
172,853254,1.11365e+08
172,1.04077e+06,1.11405e+08
172,1.60123e+06,1.2232e+08
172,1.61646e+06,1.22075e+08
172,54308.2,1.4134e+08
172,300446,1.41172e+08
172,82906.8,1.52084e+08
172,238039,1.51844e+08
173,1.11731e+06,1.11468e+08
173,1.11728e+06,1.11468e+08
173,1.63017e+06,1.22046e+08
173,1.63016e+06,1.22046e+08
173,522378,1.41306e+08
173,522476,1.41306e+08
173,346567,1.51928e+08
173,346570,1.51928e+08
174,1.04068e+06,1.11405e+08
174,853228,1.11365e+08
174,1.61646e+06,1.22075e+08
174,1.60122e+06,1.2232e+08
174,300503,1.41172e+08
174,54289.1,1.4134e+08
174,238044,1.51844e+08
174,82903.6,1.52084e+08
175,2.12163e+06,1.29793e+08
175,2.02726e+06,1.29492e+08
175,2.32667e+06,1.4009e+08
175,2.18341e+06,1.3973e+08
175,65914.2,1.60578e+08
175,128376,1.60381e+08
175,148632,1.72582e+08
175,141179,1.72406e+08
176,2.0163e+06,1.29419e+08
176,2.01631e+06,1.29419e+08
176,2.14707e+06,1.39635e+08
176,2.14708e+06,1.39635e+08
176,215168,1.60378e+08
176,215141,1.60378e+08
176,136196,1.72395e+08
176,136194,1.72395e+08
177,2.02728e+06,1.29492e+08
177,2.12164e+06,1.29793e+08
177,2.18341e+06,1.3973e+08
177,2.32668e+06,1.4009e+08
177,128356,1.60381e+08
177,65916.5,1.60578e+08
177,141176,1.72406e+08
177,148633,1.72582e+08
178,2.48395e+06,1.47448e+08
178,2.30751e+06,1.47096e+08
178,2.49074e+06,1.57594e+08
178,2.30642e+06,1.57244e+08
178,150509,1.81654e+08
178,129219,1.81514e+08
178,173471,1.94207e+08
178,151997,1.94092e+08
179,2.26373e+06,1.46992e+08
179,2.26373e+06,1.46992e+08
179,2.25812e+06,1.5714e+08
179,2.25812e+06,1.5714e+08
179,131957,1.81482e+08
179,131964,1.81482e+08
179,148561,1.94062e+08
179,148561,1.94062e+08
180,2.3075e+06,1.47096e+08
180,2.48395e+06,1.47448e+08
180,2.30642e+06,1.57244e+08
180,2.49074e+06,1.57594e+08
180,129227,1.81514e+08
180,150509,1.81654e+08
180,151997,1.94092e+08
180,173471,1.94207e+08
181,2.49858e+06,1.64975e+08
181,2.30783e+06,1.64629e+08
181,2.4069e+06,1.75144e+08
181,2.20647e+06,1.74789e+08
181,176478,2.03533e+08
181,155825,2.03422e+08
181,217064,2.16333e+08
181,186033,2.16213e+08
182,2.25134e+06,1.64527e+08
182,2.25134e+06,1.64527e+08
182,2.15878e+06,1.74694e+08
182,2.15878e+06,1.74694e+08
182,149435,2.03389e+08
182,149433,2.03389e+08
182,190090,2.16188e+08
182,190090,2.16188e+08
183,2.30783e+06,1.64629e+08
183,2.49858e+06,1.64975e+08
183,2.20647e+06,1.74789e+08
183,2.4069e+06,1.75144e+08
183,155822,2.03422e+08
183,176478,2.03533e+08
183,186033,2.16213e+08
183,217064,2.16333e+08
184,2.38047e+06,1.82603e+08
184,2.19911e+06,1.82265e+08
184,2.38805e+06,1.92773e+08
184,2.23212e+06,1.92605e+08
184,175389,2.25689e+08
184,149620,2.25604e+08
184,37851.7,2.38276e+08
184,110375,2.38382e+08
185,2.13654e+06,1.82159e+08
185,2.13653e+06,1.82159e+08
185,2.18761e+06,1.92556e+08
185,2.18761e+06,1.92556e+08
185,140341,2.2554e+08
185,140341,2.2554e+08
185,178571,2.38395e+08
185,178571,2.38395e+08
186,2.19911e+06,1.82265e+08
186,2.38047e+06,1.82603e+08
186,2.23212e+06,1.92605e+08
186,2.38805e+06,1.92773e+08
186,149621,2.25604e+08
186,175389,2.25689e+08
186,110375,2.38382e+08
186,37851.6,2.38276e+08
187,2.19626e+06,2.00216e+08
187,2.05094e+06,1.9997e+08
187,1.65646e+06,2.10259e+08
187,1.07662e+06,2.10313e+08
187,184638,2.47734e+08
187,330521,2.4769e+08
187,934874,2.60635e+08
187,582943,2.60938e+08
188,1.88738e+06,2.00257e+08
188,1.88738e+06,2.00257e+08
188,1.21732e+06,2.11017e+08
188,1.21732e+06,2.11017e+08
188,384601,2.48154e+08
188,384600,2.48154e+08
188,1.40765e+06,2.61917e+08
188,1.40765e+06,2.61917e+08
189,2.05094e+06,1.9997e+08
189,2.19626e+06,2.00216e+08
189,1.07662e+06,2.10313e+08
189,1.65646e+06,2.10259e+08
189,330521,2.4769e+08
189,184638,2.47734e+08
189,582944,2.60938e+08
189,934874,2.60635e+08
190,1.82732e+06,2.17665e+08
190,1.44991e+06,2.18814e+08
190,2.91506e+06,2.25308e+08
190,3.80344e+06,2.31135e+08
190,374708,2.68601e+08
190,1.226e+06,2.70539e+08
190,-3.43501e+06,2.75571e+08
190,1.71632e+06,2.82802e+08
191,1.2699e+06,2.1994e+08
191,1.2699e+06,2.1994e+08
191,2.723e+06,2.33078e+08
191,2.723e+06,2.33078e+08
191,1.64584e+06,2.71575e+08
191,1.64584e+06,2.71575e+08
191,803164,2.84914e+08
191,803164,2.84914e+08
192,1.44991e+06,2.18814e+08
192,1.82732e+06,2.17665e+08
192,3.80344e+06,2.31135e+08
192,2.91506e+06,2.25308e+08
192,1.226e+06,2.70539e+08
192,374708,2.68601e+08
192,1.71632e+06,2.82802e+08
192,-3.435e+06,2.75571e+08
193,2.48264e+06,2.34325e+08
193,765986,2.42495e+08
193,-2.54734e+06,2.34783e+08
193,-1.99406e+07,2.40115e+08
193,3.94718e+06,2.88369e+08
193,3.58494e+06,2.96666e+08
193,7.65529e+06,3.05099e+08
193,1.53054e+06,3.10295e+08
194,-1.11292e+06,2.43415e+08
194,-1.11292e+06,2.43415e+08
194,-1.28916e+07,2.44902e+08
194,-1.28916e+07,2.44902e+08
194,2.06709e+06,2.97948e+08
194,2.06709e+06,2.97948e+08
194,9.58381e+06,3.16663e+08
194,9.58381e+06,3.16663e+08
195,765987,2.42495e+08
195,2.48264e+06,2.34325e+08
195,-1.99406e+07,2.40115e+08
195,-2.54734e+06,2.34783e+08
195,3.58494e+06,2.96666e+08
195,3.94718e+06,2.88369e+08
195,1.53054e+06,3.10295e+08
195,7.65529e+06,3.05099e+08
196,2.99936e+06,2.37839e+08
196,-1.15133e+07,2.39655e+08
196,-4.49707e+07,2.19144e+08
196,-4.25867e+07,1.90507e+08
196,5.19115e+06,3.20169e+08
196,-2.28706e+06,3.22607e+08
196,-7.86982e+07,3.31098e+08
196,-7.536e+07,3.00073e+08
197,-1.99815e+07,2.38199e+08
197,-1.99815e+07,2.38199e+08
197,-4.9704e+07,1.77002e+08
197,-4.9704e+07,1.77002e+08
197,-8.24934e+06,3.20769e+08
197,-8.24934e+06,3.20769e+08
197,-8.50958e+07,2.83868e+08
197,-8.50958e+07,2.83868e+08
198,-1.15133e+07,2.39655e+08
198,2.99935e+06,2.37839e+08
198,-4.25867e+07,1.90507e+08
198,-4.49707e+07,2.19144e+08
198,-2.28706e+06,3.22607e+08
198,5.19115e+06,3.20169e+08
198,-7.536e+07,3.00073e+08
198,-7.86982e+07,3.31098e+08
199,8.3214e+07,1.15887e+08
199,7.38876e+07,9.58523e+07
199,8.94387e+07,9.89586e+07
199,8.36329e+07,8.57366e+07
199,6.62908e+07,7.55442e+07
199,6.60811e+07,7.08964e+07
199,1.29514e+08,1.27018e+08
199,1.36384e+08,1.29999e+08
200,7.23744e+07,9.4512e+07
200,7.23736e+07,9.45159e+07
200,8.53379e+07,8.58695e+07
200,8.5337e+07,8.5869e+07
200,6.33543e+07,6.7965e+07
200,6.33551e+07,6.79607e+07
200,1.38834e+08,1.29318e+08
200,1.38834e+08,1.29318e+08
201,7.3887e+07,9.58568e+07
201,8.32138e+07,1.15888e+08
201,8.36316e+07,8.5736e+07
201,8.94388e+07,9.89591e+07
201,6.60817e+07,7.08911e+07
201,6.62902e+07,7.55428e+07
201,1.36384e+08,1.29999e+08
201,1.29513e+08,1.27018e+08
202,8.03828e+07,8.24137e+07
202,8.44628e+07,8.04523e+07
202,7.4492e+07,6.71034e+07
202,8.48464e+07,7.43151e+07
202,1.68088e+08,1.63831e+08
202,1.82378e+08,1.72466e+08
202,1.96399e+08,1.88526e+08
202,2.13482e+08,2.00164e+08
203,8.44322e+07,7.9608e+07
203,8.44329e+07,7.96074e+07
203,8.72191e+07,7.4894e+07
203,8.72191e+07,7.4894e+07
203,1.81728e+08,1.69519e+08
203,1.81727e+08,1.69519e+08
203,2.15684e+08,1.98382e+08
203,2.15684e+08,1.98382e+08
204,8.44637e+07,8.0452e+07
204,8.0383e+07,8.24138e+07
204,8.48465e+07,7.43152e+07
204,7.44919e+07,6.71033e+07
204,1.82378e+08,1.72467e+08
204,1.68089e+08,1.63831e+08
204,2.13482e+08,2.00164e+08
204,1.96399e+08,1.88526e+08
205,7.2467e+07,6.43381e+07
205,8.5143e+07,7.37859e+07
205,7.62504e+07,7.36045e+07
205,8.43673e+07,7.6918e+07
205,2.00321e+08,1.92765e+08
205,2.18481e+08,2.05052e+08
205,1.82913e+08,1.78455e+08
205,1.99715e+08,1.88919e+08
206,8.73226e+07,7.42543e+07
206,8.73226e+07,7.42546e+07
206,8.5097e+07,7.64543e+07
206,8.5097e+07,7.64543e+07
206,2.20345e+08,2.03176e+08
206,2.20345e+08,2.03175e+08
206,1.99841e+08,1.86467e+08
206,1.99841e+08,1.86467e+08
207,8.51431e+07,7.37861e+07
207,7.2467e+07,6.43381e+07
207,8.43673e+07,7.6918e+07
207,7.62504e+07,7.36045e+07
207,2.18481e+08,2.05052e+08
207,2.00321e+08,1.92765e+08
207,1.99715e+08,1.88919e+08
207,1.82913e+08,1.78455e+08
208,8.60552e+07,8.86341e+07
208,8.40355e+07,7.98187e+07
208,8.25922e+07,1.10657e+08
208,7.56829e+07,9.33562e+07
208,1.52414e+08,1.45222e+08
208,1.64133e+08,1.51971e+08
208,9.83113e+07,1.0498e+08
208,1.01988e+08,1.04313e+08
209,8.59488e+07,7.98714e+07
209,8.59488e+07,7.98713e+07
209,7.38244e+07,9.19403e+07
209,7.38244e+07,9.19403e+07
209,1.65987e+08,1.49819e+08
209,1.65987e+08,1.49819e+08
209,9.7506e+07,9.93765e+07
209,9.7506e+07,9.93765e+07
210,8.40354e+07,7.98186e+07
210,8.60552e+07,8.8634e+07
210,7.56829e+07,9.33562e+07
210,8.25922e+07,1.10657e+08
210,1.64133e+08,1.51971e+08
210,1.52414e+08,1.45222e+08
210,1.01988e+08,1.04313e+08
210,9.83114e+07,1.0498e+08
211,3.67144e+07,4.30856e+07
211,3.40663e+07,3.90152e+07
211,8.12982e+06,3.47143e+07
211,5.56638e+06,2.89319e+07
211,7.8941e+07,1.03163e+08
211,6.91598e+07,8.54527e+07
211,5.36375e+07,7.10178e+07
211,4.63486e+07,5.70974e+07
212,3.45849e+07,3.97699e+07
212,3.45836e+07,3.97686e+07
212,6.27581e+06,2.7351e+07
212,6.27603e+06,2.73512e+07
212,6.78341e+07,8.38013e+07
212,6.78359e+07,8.38052e+07
212,4.72335e+07,5.62045e+07
212,4.72336e+07,5.62046e+07
213,3.40646e+07,3.90134e+07
213,3.67132e+07,4.30844e+07
213,5.56651e+06,2.8932e+07
213,8.12967e+06,3.4714e+07
213,6.91632e+07,8.54575e+07
213,7.89421e+07,1.03164e+08
213,4.63484e+07,5.70975e+07
213,5.36376e+07,7.1018e+07
214,4.5382e+06,5.84644e+07
214,3.83078e+06,5.24924e+07
214,5.4474e+06,7.88745e+07
214,5.24164e+06,7.23341e+07
214,4.13233e+07,5.03005e+07
214,3.84468e+07,4.21718e+07
214,2.23710e+07,2.29235e+07
214,2.23843e+07,2.16769e+07
215,4.00768e+06,5.03391e+07
215,4.00733e+06,5.03389e+07
215,5.47538e+06,6.95946e+07
215,5.47549e+06,6.95947e+07
215,3.84023e+07,4.09054e+07
215,3.84023e+07,4.09049e+07
215,2.36366e+07,2.14485e+07
215,2.36367e+07,2.14484e+07
216,3.83027e+06,5.24922e+07
216,4.53823e+06,5.84643e+07
216,5.24182e+06,7.23342e+07
216,5.4475e+06,7.88746e+07
216,3.84465e+07,4.21713e+07
216,4.13231e+07,5.03004e+07
216,2.23846e+07,2.16769e+07
216,2.23711e+07,2.29236e+07
217,4.95771e+06,8.20151e+07
217,4.83902e+06,7.52925e+07
217,4.23445e+06,6.92199e+07
217,3.76972e+06,6.27423e+07
217,1.69522e+07,1.55781e+07
217,1.73671e+07,1.75604e+07
217,3.44148e+07,3.96689e+07
217,3.29766e+07,3.38732e+07
218,5.00548e+06,7.22993e+07
218,5.00556e+06,7.22994e+07
218,3.93239e+06,6.00294e+07
218,3.93241e+06,6.00294e+07
218,1.81017e+07,1.74061e+07
218,1.81015e+07,1.74061e+07
218,3.33581e+07,3.28355e+07
218,3.3358e+07,3.28355e+07
219,4.83911e+06,7.52925e+07
219,4.95772e+06,8.20151e+07
219,3.76974e+06,6.27423e+07
219,4.23444e+06,6.92198e+07
219,1.73668e+07,1.75604e+07
219,1.69521e+07,1.55779e+07
219,3.29766e+07,3.38732e+07
219,3.44148e+07,3.96689e+07
220,6.96966e+06,4.77614e+07
220,5.38573e+06,4.15278e+07
220,1.80804e+07,2.78514e+07
220,1.47896e+07,2.13619e+07
220,4.64253e+07,6.11268e+07
220,4.09021e+07,4.88695e+07
220,6.46725e+07,8.69932e+07
220,5.68444e+07,7.13878e+07
221,6.00584e+06,3.98261e+07
221,6.00579e+06,3.98261e+07
221,1.51806e+07,2.18773e+07
221,1.51806e+07,2.18773e+07
221,4.20191e+07,4.81016e+07
221,4.20191e+07,4.81016e+07
221,5.54043e+07,6.97414e+07
221,5.54043e+07,6.97414e+07
222,5.38566e+06,4.15278e+07
222,6.96964e+06,4.77614e+07
222,1.47896e+07,2.13619e+07
222,1.80804e+07,2.78514e+07
222,4.09022e+07,4.88695e+07
222,4.64254e+07,6.11268e+07
222,5.68445e+07,7.13878e+07
222,6.46725e+07,8.69932e+07
223,7.54057e+07,1.16829e+08
223,6.06226e+07,9.63302e+07
223,4.44319e+07,9.24454e+07
223,3.12631e+07,7.56491e+07
223,4.39674e+07,8.59705e+07
223,3.63386e+07,7.63013e+07
223,-778367,5.70053e+07
223,-6.05992e+06,5.06486e+07
224,6.0805e+07,9.52432e+07
224,6.081e+07,9.52464e+07
224,2.8666e+07,7.3982e+07
224,2.8667e+07,7.39821e+07
224,3.45433e+07,7.43906e+07
224,3.45409e+07,7.43945e+07
224,-1.41478e+07,4.58502e+07
224,-1.41479e+07,4.58501e+07
225,6.06282e+07,9.63342e+07
225,7.54071e+07,1.1683e+08
225,3.12646e+07,7.56494e+07
225,4.44324e+07,9.24459e+07
225,3.63363e+07,7.63066e+07
225,4.39675e+07,8.59718e+07
225,-6.06012e+06,5.06485e+07
225,-778306,5.70055e+07
226,2.74192e+07,6.88106e+07
226,1.30018e+07,5.64746e+07
226,1.0432e+07,5.17385e+07
226,-2.22614e+06,4.40333e+07
226,-1.97759e+06,7.09322e+07
226,-1.10416e+07,7.30873e+07
226,-3.41207e+06,8.29976e+07
226,-1.32895e+07,9.01837e+07
227,1.18633e+07,5.49419e+07
227,1.18626e+07,5.49431e+07
227,-4.46461e+06,4.22166e+07
227,-4.46446e+06,4.22165e+07
227,-1.71546e+07,6.7849e+07
227,-1.71537e+07,6.78491e+07
227,-2.06582e+07,8.63563e+07
227,-2.06582e+07,8.63562e+07
228,1.30011e+07,5.64765e+07
228,2.74191e+07,6.88111e+07
228,-2.22613e+06,4.40331e+07
228,1.04321e+07,5.17385e+07
228,-1.10408e+07,7.30872e+07
228,-1.97781e+06,7.09321e+07
228,-1.32896e+07,9.01835e+07
228,-3.41213e+06,8.29975e+07
229,9.76706e+06,5.1473e+07
229,-3.13478e+06,4.37401e+07
229,2.58957e+07,6.6241e+07
229,1.08866e+07,5.37562e+07
229,-3.16016e+06,8.33771e+07
229,-1.34033e+07,9.0707e+07
229,-1.31885e+06,7.2701e+07
229,-1.14929e+07,7.52689e+07
230,-5.10059e+06,4.19203e+07
230,-5.10051e+06,4.19201e+07
230,9.4574e+06,5.2038e+07
230,9.45742e+06,5.2038e+07
230,-2.05597e+07,8.70137e+07
230,-2.05599e+07,8.70134e+07
230,-1.74264e+07,7.04659e+07
230,-1.74264e+07,7.0466e+07
231,-3.13467e+06,4.37398e+07
231,9.76698e+06,5.14728e+07
231,1.08867e+07,5.37562e+07
231,2.58957e+07,6.62409e+07
231,-1.34035e+07,9.07067e+07
231,-3.16006e+06,8.33771e+07
231,-1.14929e+07,7.5269e+07
231,-1.31884e+06,7.27009e+07
232,4.43378e+07,9.34374e+07
232,3.02173e+07,7.60851e+07
232,7.67308e+07,1.14378e+08
232,6.18628e+07,9.38437e+07
232,-2.13931e+06,5.63814e+07
232,-8.55551e+06,5.0831e+07
232,3.92062e+07,7.92145e+07
232,3.18105e+07,6.94443e+07
233,2.77746e+07,7.46057e+07
233,2.77745e+07,7.46056e+07
233,6.29283e+07,9.3698e+07
233,6.29283e+07,9.3698e+07
233,-1.75765e+07,4.44782e+07
233,-1.75764e+07,4.44783e+07
233,3.02099e+07,6.72755e+07
233,3.02099e+07,6.72755e+07
234,3.02172e+07,7.60851e+07
234,4.43378e+07,9.34374e+07
234,6.18628e+07,9.38437e+07
234,7.67308e+07,1.14378e+08
234,-8.55548e+06,5.08311e+07
234,-2.13935e+06,5.63814e+07
234,3.18105e+07,6.94444e+07
234,3.92062e+07,7.92145e+07
235,5.20475e+07,5.55179e+07
235,5.00954e+07,5.16636e+07
235,9.56379e+07,9.93586e+07
235,9.31631e+07,9.51669e+07
235,6.67786e+07,9.91063e+07
235,5.60365e+07,8.18075e+07
235,6.76524e+07,9.03726e+07
235,5.93717e+07,7.85702e+07
236,4.9326e+07,5.03611e+07
236,4.93252e+07,5.03595e+07
236,9.17854e+07,9.29477e+07
236,9.17853e+07,9.29479e+07
236,5.54524e+07,8.0156e+07
236,5.54538e+07,8.01564e+07
236,5.68076e+07,7.67052e+07
236,5.68077e+07,7.67053e+07
237,5.00944e+07,5.16617e+07
237,5.20475e+07,5.5517e+07
237,9.31628e+07,9.5167e+07
237,9.56376e+07,9.93583e+07
237,5.60372e+07,8.18082e+07
237,6.67786e+07,9.91065e+07
237,5.93718e+07,7.85702e+07
237,6.76521e+07,9.03723e+07
238,1.22414e+08,1.25242e+08
238,1.18172e+08,1.19362e+08
238,1.38915e+08,1.4271e+08
238,1.33902e+08,1.35916e+08
238,6.49033e+07,8.59608e+07
238,5.66042e+07,7.65877e+07
238,6.60387e+07,8.45162e+07
238,5.85388e+07,7.70766e+07
239,1.16839e+08,1.16911e+08
239,1.16839e+08,1.16911e+08
239,1.32121e+08,1.32994e+08
239,1.32121e+08,1.32994e+08
239,5.50404e+07,7.53905e+07
239,5.50405e+07,7.53908e+07
239,5.60911e+07,7.56287e+07
239,5.60909e+07,7.56287e+07
240,1.18172e+08,1.19361e+08
240,1.22414e+08,1.25242e+08
240,1.33902e+08,1.35916e+08
240,1.38915e+08,1.4271e+08
240,5.66045e+07,7.65881e+07
240,6.49034e+07,8.59609e+07
240,5.85385e+07,7.70766e+07
240,6.60387e+07,8.45163e+07
241,1.39546e+08,1.43139e+08
241,1.34491e+08,1.36283e+08
241,1.24299e+08,1.27063e+08
241,1.19795e+08,1.20773e+08
241,6.60932e+07,8.41577e+07
241,5.84798e+07,7.67168e+07
241,6.54464e+07,8.70032e+07
241,5.66358e+07,7.71338e+07
242,1.32595e+08,1.33173e+08
242,1.32595e+08,1.33173e+08
242,1.1817e+08,1.17998e+08
242,1.1817e+08,1.17998e+08
242,5.60562e+07,7.52477e+07
242,5.60563e+07,7.52475e+07
242,5.4854e+07,7.57647e+07
242,5.48541e+07,7.57648e+07
243,1.34491e+08,1.36283e+08
243,1.39546e+08,1.43139e+08
243,1.19795e+08,1.20773e+08
243,1.24299e+08,1.27063e+08
243,5.84798e+07,7.67165e+07
243,6.60931e+07,8.41576e+07
243,5.66359e+07,7.71339e+07
243,6.54464e+07,8.70031e+07
244,9.74658e+07,1.01551e+08
244,9.39069e+07,9.63386e+07
244,5.46306e+07,5.81269e+07
244,5.16409e+07,5.38409e+07
244,6.99977e+07,9.33226e+07
244,6.0574e+07,8.04583e+07
244,6.69392e+07,9.35833e+07
244,5.61897e+07,7.72576e+07
245,9.26738e+07,9.44447e+07
245,9.26738e+07,9.44447e+07
245,5.14011e+07,5.32454e+07
245,5.14011e+07,5.32455e+07
245,5.8058e+07,7.8799e+07
245,5.8058e+07,7.8799e+07
245,5.61987e+07,7.62983e+07
245,5.61987e+07,7.62983e+07
246,9.3907e+07,9.63386e+07
246,9.74657e+07,1.01551e+08
246,5.16409e+07,5.38409e+07
246,5.46306e+07,5.81269e+07
246,6.05739e+07,8.04583e+07
246,6.99977e+07,9.33226e+07
246,5.61897e+07,7.72576e+07
246,6.69392e+07,9.35833e+07
247,7.21927e+07,1.09425e+08
247,7.22067e+07,1.09435e+08
247,9.3401e+07,1.22277e+08
247,9.34059e+07,1.22286e+08
247,7.65389e+07,1.20452e+08
247,7.65409e+07,1.20456e+08
247,8.47628e+07,1.22765e+08
247,8.47564e+07,1.22756e+08
248,7.18244e+07,1.10127e+08
248,7.42488e+07,1.15455e+08
248,9.24406e+07,1.22632e+08
248,9.34862e+07,1.27369e+08
248,7.73499e+07,1.21921e+08
248,8.17304e+07,1.30172e+08
248,8.59587e+07,1.24532e+08
248,9.07387e+07,1.34158e+08
249,1.38132e+07,4.59575e+07
249,1.38208e+07,4.59588e+07
249,5.34033e+07,6.5268e+07
249,5.35135e+07,6.53624e+07
249,5.20724e+07,8.18707e+07
249,5.20721e+07,8.18745e+07
249,9.08343e+07,1.09705e+08
249,9.08718e+07,1.09744e+08
250,1.26234e+07,4.4856e+07
250,8.43781e+06,3.92207e+07
250,5.17581e+07,6.38498e+07
250,4.48997e+07,5.65521e+07
250,5.14269e+07,8.20941e+07
250,5.12152e+07,8.34189e+07
250,8.97226e+07,1.09663e+08
250,8.60093e+07,1.08595e+08
251,9.34837e+07,1.27365e+08
251,7.42437e+07,1.15451e+08
251,9.24335e+07,1.22618e+08
251,7.18049e+07,1.10114e+08
251,9.07416e+07,1.34162e+08
251,8.17296e+07,1.3017e+08
251,8.59669e+07,1.24543e+08
251,7.7347e+07,1.21914e+08
252,4.48616e+07,5.65175e+07
252,8.43458e+06,3.92191e+07
252,5.16061e+07,6.37212e+07
252,1.26128e+07,4.48536e+07
252,8.59967e+07,1.08581e+08
252,5.12148e+07,8.3417e+07
252,8.9672e+07,1.09608e+08
252,5.1427e+07,8.20885e+07
253,1.59321e+08,1.85212e+08
253,1.51356e+08,1.79099e+08
253,1.18896e+08,1.43233e+08
253,1.18484e+08,1.47344e+08
253,7.65676e+07,1.03191e+08
253,7.45641e+07,1.03161e+08
253,8.36275e+07,1.19846e+08
253,8.75013e+07,1.29364e+08
254,2.36134e+08,2.47741e+08
254,2.18008e+08,2.33016e+08
254,1.03324e+08,1.08822e+08
254,9.23976e+07,9.93545e+07
254,2.13779e+08,2.26856e+08
254,1.9725e+08,2.13649e+08
254,1.26987e+08,1.4156e+08
254,1.19493e+08,1.38009e+08
255,1.18481e+08,1.47342e+08
255,1.51359e+08,1.79102e+08
255,1.18877e+08,1.43224e+08
255,1.59329e+08,1.85217e+08
255,8.7497e+07,1.29356e+08
255,7.45656e+07,1.03162e+08
255,8.36118e+07,1.19822e+08
255,7.65694e+07,1.03193e+08
256,1.21462e+08,1.44694e+08
256,1.63463e+08,1.8789e+08
256,1.21475e+08,1.447e+08
256,1.63456e+08,1.87888e+08
256,8.28693e+07,1.19192e+08
256,7.59007e+07,1.032e+08
256,8.28817e+07,1.19209e+08
256,7.58997e+07,1.03199e+08
257,9.24451e+07,9.94034e+07
257,2.18036e+08,2.33044e+08
257,1.03513e+08,1.09013e+08
257,2.3624e+08,2.47849e+08
257,1.19515e+08,1.3803e+08
257,1.97255e+08,2.1366e+08
257,1.27075e+08,1.41644e+08
257,2.13799e+08,2.26897e+08
258,1.0588e+08,1.10713e+08
258,2.39864e+08,2.48277e+08
258,1.05739e+08,1.10574e+08
258,2.39787e+08,2.48197e+08
258,1.28872e+08,1.42683e+08
258,2.15479e+08,2.26852e+08
258,1.28808e+08,1.42622e+08
258,2.15465e+08,2.26824e+08
259,-246200,1.16564e+08
259,-245382,1.16542e+08
259,1.621e+07,4.72237e+07
259,1.62442e+07,4.72007e+07
259,-646624,1.19352e+08
259,-650411,1.19348e+08
259,801946,6.11581e+07
259,804332,6.11406e+07
260,219786,1.16316e+08
260,-456966,1.14572e+08
260,1.43534e+07,4.57498e+07
260,9.15114e+06,3.83932e+07
260,-286119,1.18816e+08
260,-36206.3,1.16855e+08
260,450093,6.02754e+07
260,329650,5.60645e+07
261,9.1368e+06,3.84e+07
261,-456330,1.14581e+08
261,1.43045e+07,4.57805e+07
261,219618,1.16348e+08
261,327594,5.60699e+07
261,-35492.1,1.16857e+08
261,446815,6.02988e+07
261,-283282,1.18823e+08
262,2.93805e+07,4.88928e+07
262,5.37724e+07,8.3851e+07
262,3.47483e+07,5.58597e+07
262,5.44045e+07,8.17093e+07
262,3.2138e+06,1.16436e+08
262,4.83041e+06,1.0667e+08
262,3.31656e+06,1.17723e+08
262,4.22217e+06,1.0485e+08
263,6.37513e+07,1.04731e+08
263,7.22625e+07,1.0974e+08
263,5.77385e+07,9.23508e+07
263,6.23149e+07,9.12227e+07
263,8.74068e+06,8.08969e+07
263,2.00257e+07,4.13187e+07
263,6.25694e+06,7.51534e+07
263,1.54423e+07,3.22284e+07
264,6.0675e+07,8.93486e+07
264,6.06744e+07,8.93483e+07
264,5.80646e+07,9.1443e+07
264,5.80822e+07,9.14571e+07
264,1.59948e+07,3.22041e+07
264,1.5996e+07,3.22067e+07
264,7.06169e+06,7.35298e+07
264,7.06793e+06,7.35277e+07
265,6.2316e+07,9.12236e+07
265,7.22629e+07,1.09741e+08
265,5.7765e+07,9.23709e+07
265,6.37592e+07,1.04738e+08
265,1.54445e+07,3.22316e+07
265,2.00264e+07,4.132e+07
265,6.26649e+06,7.51508e+07
265,8.74234e+06,8.08982e+07
266,5.49852e+07,8.11819e+07
266,5.50406e+07,8.1224e+07
266,3.66765e+07,5.71892e+07
266,3.67732e+07,5.72327e+07
266,4.62115e+06,1.02453e+08
266,4.62384e+06,1.0244e+08
266,3.49393e+06,1.15967e+08
266,3.49481e+06,1.15943e+08
267,5.44801e+07,8.17687e+07
267,5.37922e+07,8.38679e+07
267,3.48781e+07,5.5921e+07
267,2.94134e+07,4.89095e+07
267,4.22823e+06,1.04835e+08
267,4.83331e+06,1.06669e+08
267,3.31573e+06,1.1769e+08
267,3.21561e+06,1.16427e+08
268,2.40295e+08,2.51588e+08
268,2.28398e+08,2.40369e+08
268,9.60728e+07,1.0183e+08
268,1.0781e+08,1.21522e+08
268,2.22289e+08,2.37504e+08
268,2.14307e+08,2.3075e+08
268,8.39811e+07,9.14699e+07
268,1.0105e+08,1.18733e+08
269,1.81066e+08,2.01182e+08
269,1.02801e+08,1.30907e+08
269,1.07177e+08,1.27929e+08
269,7.98952e+07,1.15816e+08
269,1.74922e+08,1.98549e+08
269,1.02642e+08,1.33904e+08
269,1.09851e+08,1.36971e+08
269,8.82056e+07,1.33443e+08
270,8.40342e+07,9.15234e+07
270,1.01078e+08,1.18757e+08
270,9.62906e+07,1.02036e+08
270,1.07918e+08,1.21615e+08
270,2.22318e+08,2.37532e+08
270,2.14315e+08,2.30762e+08
270,2.40402e+08,2.51701e+08
270,2.28431e+08,2.40419e+08
271,1.09853e+08,1.36974e+08
271,8.82025e+07,1.3344e+08
271,1.07181e+08,1.2794e+08
271,7.98836e+07,1.15804e+08
271,1.74924e+08,1.98551e+08
271,1.02643e+08,1.33903e+08
271,1.81077e+08,2.0119e+08
271,1.02804e+08,1.30904e+08
272,9.78839e+07,1.03301e+08
272,1.0873e+08,1.21729e+08
272,9.77206e+07,1.03152e+08
272,1.08651e+08,1.21661e+08
272,2.42269e+08,2.50736e+08
272,2.28085e+08,2.38231e+08
272,2.42191e+08,2.50653e+08
272,2.28062e+08,2.38196e+08
273,1.08554e+08,1.28067e+08
273,7.78621e+07,1.14088e+08
273,1.08553e+08,1.28058e+08
273,7.78724e+07,1.14098e+08
273,1.81855e+08,2.00241e+08
273,9.80747e+07,1.27483e+08
273,1.81845e+08,2.00237e+08
273,9.80733e+07,1.27487e+08
274,5.26371e+07,1.02081e+08
274,6.24916e+07,1.00903e+08
274,4.56823e+07,9.34625e+07
274,5.78715e+07,9.39609e+07
274,7.42007e+07,1.25899e+08
274,7.79524e+07,1.25459e+08
274,6.72061e+07,1.14974e+08
274,7.25547e+07,1.16667e+08
275,7.83737e+06,1.24853e+07
275,2.886e+07,2.49223e+07
275,7.73128e+06,1.69332e+07
275,3.20077e+07,2.82826e+07
275,3.26764e+07,7.43568e+07
275,4.51692e+07,6.56065e+07
275,2.66983e+07,7.05482e+07
275,4.21722e+07,6.19706e+07
276,5.64511e+07,9.28118e+07
276,5.64513e+07,9.2822e+07
276,4.3749e+07,9.21394e+07
276,4.37543e+07,9.21472e+07
276,7.1652e+07,1.15108e+08
276,7.16558e+07,1.15112e+08
276,6.63487e+07,1.13077e+08
276,6.63453e+07,1.13071e+08
277,5.78719e+07,9.39754e+07
277,6.24922e+07,1.00907e+08
277,4.56894e+07,9.34733e+07
277,5.26384e+07,1.02084e+08
277,7.25601e+07,1.16673e+08
277,7.79538e+07,1.2546e+08
277,6.72016e+07,1.14966e+08
277,7.41995e+07,1.25897e+08
278,3.23469e+07,2.87654e+07
278,3.23388e+07,2.87564e+07
278,7.19715e+06,1.82979e+07
278,7.17266e+06,1.83556e+07
278,4.09589e+07,6.11335e+07
278,4.09627e+07,6.11384e+07
278,2.50483e+07,6.9707e+07
278,2.50551e+07,6.97417e+07
279,3.19968e+07,2.82713e+07
279,2.88576e+07,2.49206e+07
279,7.70149e+06,1.70131e+07
279,7.83484e+06,1.25088e+07
279,4.21779e+07,6.1978e+07
279,4.51711e+07,6.56092e+07
279,2.67088e+07,7.05968e+07
279,3.26793e+07,7.43694e+07
280,4.21513e+07,1.05179e+08
280,1.01668e+07,7.89264e+07
280,3.30278e+07,9.53452e+07
280,6.79254e+06,8.1803e+07
280,6.8416e+07,1.1173e+08
280,3.31797e+07,4.97319e+07
280,5.98032e+07,9.92715e+07
280,2.90037e+07,4.44798e+07
281,3.15428e+07,9.58061e+07
281,6.10898e+06,8.3497e+07
281,3.15373e+07,9.58151e+07
281,6.11348e+06,8.34986e+07
281,5.97593e+07,9.85121e+07
281,2.81441e+07,4.30824e+07
281,5.97629e+07,9.85225e+07
281,2.81382e+07,4.30746e+07
282,940725,3.75775e+07
282,-2.04053e+06,1.28235e+08
282,-453457,4.43418e+07
282,-7.54997e+06,1.41951e+08
282,1.99047e+07,8.48681e+07
282,-2.95276e+06,1.09365e+08
282,1.1625e+07,8.23845e+07
282,-8.3848e+06,1.20124e+08
283,-2.00264e+06,4.59667e+07
283,-1.12088e+07,1.42192e+08
283,-1.99466e+06,4.58689e+07
283,-1.1208e+07,1.42136e+08
283,1.07836e+07,8.27082e+07
283,-8.31521e+06,1.19431e+08
283,1.0792e+07,8.26733e+07
283,-8.32813e+06,1.19416e+08
284,6.79569e+06,8.1803e+07
284,1.01672e+07,7.89242e+07
284,3.30205e+07,9.5359e+07
284,4.21493e+07,1.05182e+08
284,2.89975e+07,4.44708e+07
284,3.31778e+07,4.97281e+07
284,5.98094e+07,9.92862e+07
284,6.8418e+07,1.11734e+08
285,-7.54453e+06,1.41873e+08
285,-2.03767e+06,1.28216e+08
285,-446934,4.42067e+07
285,937256,3.75406e+07
285,-8.3989e+06,1.20102e+08
285,-2.95315e+06,1.09359e+08
285,1.16366e+07,8.23372e+07
285,1.99083e+07,8.48566e+07
286,1.2938e+08,1.2754e+08
286,1.29364e+08,1.27522e+08
286,4.6975e+07,4.84725e+07
286,4.69105e+07,4.84092e+07
286,1.18961e+08,1.18471e+08
286,1.18959e+08,1.18467e+08
286,6.64244e+07,6.33068e+07
286,6.64084e+07,6.32895e+07
287,1.28328e+08,1.27243e+08
287,1.27481e+08,1.26643e+08
287,4.73559e+07,4.79656e+07
287,4.77143e+07,4.81646e+07
287,1.18577e+08,1.17944e+08
287,1.17993e+08,1.17268e+08
287,6.63779e+07,6.29742e+07
287,6.53382e+07,6.16477e+07
288,4.7739e+07,4.81841e+07
288,1.27488e+08,1.26651e+08
288,4.74473e+07,4.80494e+07
288,1.2835e+08,1.27268e+08
288,6.53438e+07,6.16524e+07
288,1.17994e+08,1.1727e+08
288,6.64007e+07,6.2997e+07
288,1.18579e+08,1.1795e+08
289,1.41653e+08,1.41513e+08
289,1.50538e+08,1.49444e+08
289,3.93556e+07,4.75173e+07
289,5.5477e+07,7.17558e+07
289,1.39803e+08,1.40851e+08
289,1.49202e+08,1.50503e+08
289,3.96204e+07,4.62119e+07
289,5.79594e+07,7.33773e+07
290,1.37028e+08,1.35938e+08
290,8.88384e+07,8.8923e+07
290,7.1215e+07,8.95653e+07
290,7.28903e+07,9.44344e+07
290,1.37009e+08,1.38652e+08
290,9.04636e+07,9.23718e+07
290,7.72403e+07,9.88224e+07
290,8.33067e+07,1.11543e+08
291,1.40988e+08,1.39939e+08
291,1.49743e+08,1.47367e+08
291,3.89742e+07,4.84496e+07
291,5.45664e+07,7.13984e+07
291,1.40967e+08,1.39922e+08
291,1.49731e+08,1.47357e+08
291,3.88826e+07,4.83897e+07
291,5.45354e+07,7.13911e+07
292,1.35886e+08,1.33534e+08
292,8.78092e+07,8.72222e+07
292,6.99153e+07,8.85968e+07
292,7.27447e+07,9.32971e+07
292,1.3588e+08,1.33529e+08
292,8.78083e+07,8.72199e+07
292,6.99047e+07,8.85937e+07
292,7.2741e+07,9.32922e+07
293,6.55681e+07,9.51113e+07
293,1.88522e+07,5.37631e+07
293,3.45895e+07,8.20441e+07
293,-1.29088e+06,1.00825e+08
293,7.96039e+07,1.15634e+08
293,2.60369e+07,6.24552e+07
293,4.4514e+07,9.36344e+07
293,1.68453e+06,9.91378e+07
294,1.26596e+07,6.19393e+07
294,-8.47392e+06,1.35132e+08
294,174422,3.86789e+07
294,-8.21796e+06,1.46442e+08
294,1.80604e+07,6.10369e+07
294,-3.27555e+06,1.26222e+08
294,2.16493e+06,2.846e+07
294,-2.0343e+06,1.32826e+08
295,6.62335e+07,9.44296e+07
295,1.99064e+07,5.0151e+07
295,3.37798e+07,8.22074e+07
295,-1.06511e+06,9.87812e+07
295,6.62363e+07,9.44265e+07
295,1.99047e+07,5.01532e+07
295,3.378e+07,8.22048e+07
295,-1.07165e+06,9.87822e+07
296,1.2368e+07,6.20861e+07
296,-8.695e+06,1.32593e+08
296,-1.33657e+06,4.00376e+07
296,-1.06973e+07,1.45148e+08
296,1.23344e+07,6.21093e+07
296,-8.68289e+06,1.32619e+08
296,-1.35628e+06,4.0119e+07
296,-1.0693e+07,1.45209e+08
297,3.96526e+07,4.62388e+07
297,5.79688e+07,7.33798e+07
297,3.94782e+07,4.76014e+07
297,5.55173e+07,7.17647e+07
297,1.3981e+08,1.40858e+08
297,1.49205e+08,1.50504e+08
297,1.41679e+08,1.41537e+08
297,1.50555e+08,1.49456e+08
298,7.7244e+07,9.88216e+07
298,8.33077e+07,1.11544e+08
298,7.12308e+07,8.95681e+07
298,7.28956e+07,9.444e+07
298,1.3701e+08,1.38652e+08
298,9.04641e+07,9.23728e+07
298,1.37036e+08,1.35943e+08
298,8.88403e+07,8.89262e+07
299,-8.21831e+06,1.46358e+08
299,-8.49047e+06,1.35096e+08
299,195821,3.85633e+07
299,1.27044e+07,6.19077e+07
299,-2.03156e+06,1.32806e+08
299,-3.27494e+06,1.26213e+08
299,2.15909e+06,2.84301e+07
299,1.80736e+07,6.103e+07
300,-1.28427e+06,1.00822e+08
300,1.88541e+07,5.37607e+07
300,3.45919e+07,8.20495e+07
300,6.55657e+07,9.51157e+07
300,1.68484e+06,9.91364e+07
300,2.60376e+07,6.24548e+07
300,4.45143e+07,9.36354e+07
300,7.96035e+07,1.15635e+08
