1,8.78305e-08,-0.000182771,1.74172e-07,0.000182771
2,8.78213e-08,-0.000182771,-1.7416e-07,0.000182771
3,1.75944e-34,5.91053e-35,-2.31573e-35,0
4,1.75944e-34,5.91053e-35,2.31573e-35,0
5,8.55062e-05,-0.000182078,-2.02669e-06,0.000201166
6,0,0,0,0
7,-0,-0,0,0
8,8.55061e-05,-0.000182078,2.02668e-06,0.000201166
9,-8.66314e-05,-0.000183687,-2.10342e-06,0.000203102
10,-8.66313e-05,-0.000183687,2.10343e-06,0.000203102
11,-0,-0,-0,0
12,-0,-0,-0,0
13,4.62562e-05,-0.000303375,-2.40215e-07,0.000306882
14,4.62562e-05,-0.000303375,2.40196e-07,0.000306881
15,5.78916e-06,-0.000395562,5.1594e-07,0.000395605
16,5.78915e-06,-0.000395562,-5.15935e-07,0.000395605
17,0.000104808,-0.000303781,9.43776e-07,0.000321354
18,4.77733e-06,-0.000421635,3.84248e-07,0.000421663
19,4.77732e-06,-0.000421635,-3.84234e-07,0.000421663
20,0.000104808,-0.000303781,-9.43769e-07,0.000321354
21,-4.18155e-05,-0.000314234,3.13075e-07,0.000317004
22,-4.18156e-05,-0.000314234,-3.13079e-07,0.000317004
23,-0.000101303,-0.000312644,-2.04288e-07,0.000328647
24,-0.000101303,-0.000312644,2.04299e-07,0.000328647
25,-8.27521e-07,-0.000219578,3.20292e-07,0.00021958
26,-8.27441e-07,-0.000219578,-3.20294e-07,0.00021958
27,3.42782e-08,-0.000182764,5.84895e-08,0.000182764
28,3.41996e-08,-0.000182764,-5.84877e-08,0.000182764
29,2.00431e-07,-0.000156687,-1.02839e-07,0.000156687
30,1.84331e-07,-0.000131854,-5.58346e-08,0.000131854
31,1.35259e-07,-0.000108522,-2.76721e-08,0.000108522
32,8.66855e-08,-8.68206e-05,-1.20405e-08,8.68206e-05
33,5.01334e-08,-6.69148e-05,-4.16355e-09,6.69148e-05
34,2.62654e-08,-4.90021e-05,-6.60878e-10,4.90021e-05
35,1.22354e-08,-3.33008e-05,5.98171e-10,3.33008e-05
36,4.77893e-09,-2.00638e-05,8.34281e-10,2.00638e-05
37,1.28903e-09,-9.65027e-06,6.77102e-10,9.65027e-06
38,-1.3294e-12,-2.6002e-06,3.97453e-10,2.6002e-06
39,2.01267e-34,1.38147e-34,-7.13277e-35,0
40,1.67434e-34,1.35017e-34,-4.23609e-35,0
41,-1.33719e-12,-2.6002e-06,-3.97464e-10,2.6002e-06
42,1.28901e-09,-9.65027e-06,-6.77128e-10,9.65027e-06
43,4.7789e-09,-2.00638e-05,-8.34331e-10,2.00638e-05
44,1.22353e-08,-3.33008e-05,-5.98256e-10,3.33008e-05
45,2.62654e-08,-4.90021e-05,6.60714e-10,4.90021e-05
46,5.01334e-08,-6.69148e-05,4.16333e-09,6.69148e-05
47,8.66855e-08,-8.68206e-05,1.204e-08,8.68206e-05
48,1.35259e-07,-0.000108522,2.76717e-08,0.000108522
49,1.84335e-07,-0.000131854,5.58349e-08,0.000131854
50,2.00424e-07,-0.000156687,1.02836e-07,0.000156687
51,8.56152e-05,-0.000182668,-6.89204e-07,0.000201738
52,8.56152e-05,-0.000182668,6.89229e-07,0.000201738
53,1.30794e-05,-7.05559e-06,-4.42107e-06,1.55048e-05
54,2.33899e-05,-1.50266e-05,-4.62704e-06,2.81832e-05
55,3.33294e-05,-2.53959e-05,-4.30135e-06,4.21225e-05
56,4.2606e-05,-3.82446e-05,-3.91425e-06,5.73868e-05
57,5.10776e-05,-5.34916e-05,-3.54373e-06,7.40462e-05
58,5.8715e-05,-7.09292e-05,-3.17253e-06,9.21329e-05
59,6.5506e-05,-9.03224e-05,-2.80075e-06,0.000111611
60,7.14582e-05,-0.000111408,-2.44224e-06,0.000132378
61,7.66232e-05,-0.000133892,-2.13612e-06,0.000154281
62,8.11734e-05,-0.000157483,-1.95951e-06,0.000177183
63,-9.68164e-34,-2.69678e-34,-8.55375e-35,0
64,-7.06373e-34,-2.54922e-34,-1.67312e-34,0
65,8.11734e-05,-0.000157483,1.9595e-06,0.000177183
66,7.66232e-05,-0.000133892,2.13612e-06,0.000154281
67,7.14582e-05,-0.000111408,2.44224e-06,0.000132378
68,6.5506e-05,-9.03224e-05,2.80075e-06,0.000111611
69,5.8715e-05,-7.09292e-05,3.17253e-06,9.21329e-05
70,5.10776e-05,-5.34916e-05,3.54373e-06,7.40462e-05
71,4.2606e-05,-3.82446e-05,3.91425e-06,5.73868e-05
72,3.33294e-05,-2.53959e-05,4.30135e-06,4.21225e-05
73,2.33899e-05,-1.50266e-05,4.62704e-06,2.81832e-05
74,1.30794e-05,-7.05559e-06,4.42107e-06,1.55048e-05
75,-5.61101e-34,3.02526e-35,5.34379e-35,0
76,-9.38929e-34,-1.52448e-34,1.27586e-34,0
77,5.41811e-05,-0.000181133,9.44582e-07,0.000189065
78,2.52627e-05,-0.000181775,2.24206e-07,0.000183522
79,-9.38929e-34,-1.52448e-34,-1.27586e-34,0
80,-5.611e-34,3.02526e-35,-5.34379e-35,0
81,2.52628e-05,-0.000181775,-2.24221e-07,0.000183522
82,5.41811e-05,-0.000181133,-9.44587e-07,0.000189065
83,-8.68378e-05,-0.000184408,-7.06907e-07,0.000203832
84,-8.68377e-05,-0.000184408,7.06934e-07,0.000203832
85,-8.20381e-05,-0.000158154,2.09471e-06,0.000178178
86,-7.71886e-05,-0.000134093,2.26037e-06,0.000154739
87,-7.17911e-05,-0.000111411,2.53111e-06,0.000132562
88,-6.56839e-05,-9.02624e-05,2.85654e-06,0.000111668
89,-5.88003e-05,-7.08639e-05,3.2041e-06,9.21381e-05
90,-5.11129e-05,-5.34407e-05,3.55992e-06,7.40345e-05
91,-4.26168e-05,-3.82108e-05,3.92161e-06,5.73728e-05
92,-3.33299e-05,-2.5376e-05,4.30408e-06,4.21112e-05
93,-2.33872e-05,-1.50165e-05,4.62755e-06,2.81757e-05
94,-1.30769e-05,-7.05199e-06,4.42055e-06,1.55009e-05
95,7.06428e-34,-2.54903e-34,1.6732e-34,0
96,9.68158e-34,-2.69635e-34,8.55676e-35,0
97,-1.30769e-05,-7.05199e-06,-4.42055e-06,1.55009e-05
98,-2.33872e-05,-1.50165e-05,-4.62755e-06,2.81757e-05
99,-3.33299e-05,-2.5376e-05,-4.30408e-06,4.21112e-05
100,-4.26168e-05,-3.82108e-05,-3.92161e-06,5.73728e-05
101,-5.11129e-05,-5.34407e-05,-3.55992e-06,7.40345e-05
102,-5.88003e-05,-7.08639e-05,-3.2041e-06,9.21381e-05
103,-6.56839e-05,-9.02624e-05,-2.85653e-06,0.000111668
104,-7.17911e-05,-0.000111411,-2.53111e-06,0.000132562
105,-7.71886e-05,-0.000134093,-2.26037e-06,0.000154739
106,-8.20381e-05,-0.000158154,-2.09472e-06,0.000178178
107,9.38876e-34,-1.52468e-34,-1.27641e-34,0
108,5.61259e-34,2.99756e-35,-5.34798e-35,0
109,-2.50352e-05,-0.000182847,7.93287e-08,0.000184553
110,-5.42121e-05,-0.000182694,-7.81161e-07,0.00019057
111,5.61258e-34,2.99756e-35,5.34798e-35,0
112,9.38875e-34,-1.52468e-34,1.27641e-34,0
113,-5.42121e-05,-0.000182694,7.81142e-07,0.00019057
114,-2.50352e-05,-0.000182847,-7.93486e-08,0.000184553
115,4.61341e-05,-0.000303638,-1.00931e-07,0.000307123
116,4.61341e-05,-0.000303638,1.00916e-07,0.000307123
117,4.18937e-05,-0.000341312,2.31914e-06,0.000343881
118,3.0395e-05,-0.000370991,3.23632e-06,0.000372248
119,1.70525e-05,-0.000388711,2.65321e-06,0.000389094
120,5.84487e-06,-0.000395678,1.67604e-07,0.000395721
121,5.84487e-06,-0.000395678,-1.67599e-07,0.000395721
122,1.70525e-05,-0.000388711,-2.6532e-06,0.000389094
123,3.0395e-05,-0.000370991,-3.23632e-06,0.000372248
124,4.18937e-05,-0.000341312,-2.31915e-06,0.000343881
125,0.000104892,-0.000304096,3.09617e-07,0.000321678
126,0.000104892,-0.000304096,-3.0962e-07,0.000321678
127,2.90669e-05,-0.000418252,-8.6549e-07,0.000419262
128,6.14429e-05,-0.000402174,-1.25977e-06,0.000406842
129,9.28108e-05,-0.000362719,-6.39856e-07,0.000374405
130,4.82461e-06,-0.000421581,-1.30774e-07,0.000421609
131,4.82461e-06,-0.000421581,1.30787e-07,0.000421609
132,9.28108e-05,-0.000362719,6.39855e-07,0.000374405
133,6.14429e-05,-0.000402174,1.25978e-06,0.000406842
134,2.90669e-05,-0.000418252,8.65501e-07,0.000419262
135,5.08321e-06,-0.000408518,-4.45843e-07,0.00040855
136,7.55058e-05,-0.000303472,-5.67906e-07,0.000312725
137,5.08321e-06,-0.000408518,4.45851e-07,0.00040855
138,7.55058e-05,-0.000303472,5.67868e-07,0.000312725
139,-4.17511e-05,-0.000314284,1.07175e-07,0.000317045
140,-4.17512e-05,-0.000314284,-1.0719e-07,0.000317045
141,-3.46314e-05,-0.000351374,1.63e-06,0.00035308
142,-2.07599e-05,-0.000378477,2.37375e-06,0.000379053
143,-5.95416e-06,-0.000392646,1.66611e-06,0.000392695
144,-5.95415e-06,-0.000392646,-1.66611e-06,0.000392695
145,-2.07599e-05,-0.000378477,-2.37375e-06,0.000379053
146,-3.46314e-05,-0.000351374,-1.63e-06,0.00035308
147,-0.00010144,-0.000312728,-5.22331e-08,0.000328769
148,-0.00010144,-0.000312728,5.22262e-08,0.000328768
149,-1.95844e-05,-0.000420773,-1.663e-06,0.000421232
150,-5.25777e-05,-0.000407517,-2.14327e-06,0.000410901
151,-8.58964e-05,-0.000370654,-1.64593e-06,0.00038048
152,-8.58964e-05,-0.000370654,1.64593e-06,0.00038048
153,-5.25777e-05,-0.000407517,2.14328e-06,0.000410901
154,-1.95844e-05,-0.000420773,1.66302e-06,0.000421232
155,-7.14874e-05,-0.000313049,2.74503e-07,0.000321108
156,-7.14874e-05,-0.000313049,-2.7454e-07,0.000321108
157,-1.85715e-07,-0.000202121,-2.43444e-07,0.000202121
158,-1.85756e-07,-0.000202121,2.43399e-07,0.000202121
159,-8.95302e-07,-0.000219231,1.07346e-07,0.000219233
160,-8.95581e-07,-0.000219232,-1.07379e-07,0.000219233
161,-1.66519e-05,-0.000226795,2.13736e-06,0.000227416
162,-3.00872e-05,-0.000245772,3.10557e-06,0.000247627
163,-3.95618e-05,-0.00027597,2.36832e-06,0.000278801
164,-1.66518e-05,-0.000226795,-2.13746e-06,0.000227416
165,-3.00871e-05,-0.000245772,-3.10546e-06,0.000247627
166,-3.95619e-05,-0.00027597,-2.36841e-06,0.000278801
167,-9.27145e-05,-0.000218299,2.14779e-06,0.000237181
168,-9.88939e-05,-0.00026077,1.46076e-06,0.000278896
169,-9.27146e-05,-0.000218298,-2.14791e-06,0.000237181
170,-9.88939e-05,-0.00026077,-1.46071e-06,0.000278896
171,1.54529e-05,-0.000223666,-1.45808e-06,0.000224203
172,3.01179e-05,-0.000239424,-2.42e-06,0.000241323
173,4.15165e-05,-0.000266659,-1.77158e-06,0.000269877
174,1.5453e-05,-0.000223665,1.45798e-06,0.000224203
175,3.0118e-05,-0.000239423,2.42009e-06,0.000241322
176,4.15164e-05,-0.000266659,1.7715e-06,0.000269877
177,9.16388e-05,-0.000214499,2.39733e-06,0.000233267
178,9.9201e-05,-0.000253877,2.29596e-06,0.000272579
179,9.16389e-05,-0.000214499,-2.39747e-06,0.000233267
180,9.9201e-05,-0.000253877,-2.29592e-06,0.000272579
181,1.6261e-07,-0.000156916,3.4349e-08,0.000156916
182,1.62671e-07,-0.000156916,-3.43491e-08,0.000156916
183,1.60625e-07,-0.000132208,1.86153e-08,0.000132208
184,1.60606e-07,-0.000132208,-1.86163e-08,0.000132208
185,1.21543e-07,-0.000108956,9.22645e-09,0.000108956
186,1.21548e-07,-0.000108956,-9.22748e-09,0.000108956
187,7.94642e-08,-8.73236e-05,4.02121e-09,8.73236e-05
188,7.94631e-08,-8.73236e-05,-4.02165e-09,8.73236e-05
189,4.67149e-08,-6.74836e-05,1.39689e-09,6.74836e-05
190,4.67151e-08,-6.74836e-05,-1.39721e-09,6.74836e-05
191,2.48868e-08,-4.96379e-05,2.26947e-10,4.96379e-05
192,2.48868e-08,-4.96379e-05,-2.27114e-10,4.96379e-05
193,1.18423e-08,-3.40059e-05,-1.95291e-10,3.40059e-05
194,1.18423e-08,-3.40059e-05,1.95191e-10,3.40059e-05
195,4.79882e-09,-2.08388e-05,-2.75977e-10,2.08388e-05
196,4.79883e-09,-2.08388e-05,2.75923e-10,2.08388e-05
197,1.44684e-09,-1.04567e-05,-2.24308e-10,1.04567e-05
198,1.44684e-09,-1.04567e-05,2.24279e-10,1.04567e-05
199,1.70277e-10,-3.2664e-06,-1.29839e-10,3.2664e-06
200,1.70278e-10,-3.2664e-06,1.29827e-10,3.2664e-06
201,8.1291e-05,-0.000157892,6.6578e-07,0.000177591
202,8.1291e-05,-0.000157892,-6.65776e-07,0.000177591
203,7.67698e-05,-0.000134273,7.18327e-07,0.000154672
204,7.67698e-05,-0.000134273,-7.18327e-07,0.000154672
205,7.163e-05,-0.000111833,8.1605e-07,0.000132808
206,7.163e-05,-0.000111833,-8.16049e-07,0.000132808
207,6.56909e-05,-9.08132e-05,9.3375e-07,0.000112086
208,6.56909e-05,-9.08132e-05,-9.3375e-07,0.000112086
209,5.89051e-05,-7.14888e-05,1.05721e-06,9.26368e-05
210,5.89051e-05,-7.14888e-05,-1.05721e-06,9.26368e-05
211,5.12714e-05,-5.41172e-05,1.18121e-06,7.45575e-05
212,5.12714e-05,-5.41172e-05,-1.18121e-06,7.45575e-05
213,4.27949e-05,-3.89316e-05,1.30905e-06,5.78687e-05
214,4.27949e-05,-3.89316e-05,-1.30905e-06,5.78687e-05
215,3.35119e-05,-2.61524e-05,1.45252e-06,4.25336e-05
216,3.35119e-05,-2.61524e-05,-1.45252e-06,4.25336e-05
217,2.3297e-05,-1.58663e-05,1.61219e-06,2.82328e-05
218,2.3297e-05,-1.58663e-05,-1.61219e-06,2.82328e-05
219,1.25708e-05,-8.07801e-06,1.62328e-06,1.50304e-05
220,1.25708e-05,-8.07801e-06,-1.62328e-06,1.50304e-05
221,2.51779e-05,-0.000156323,5.60864e-07,0.000158339
222,2.41693e-05,-0.00013191,7.20879e-07,0.000134108
223,2.25852e-05,-0.000108801,8.37604e-07,0.000111124
224,2.06083e-05,-8.72165e-05,9.50146e-07,8.96232e-05
225,1.83182e-05,-6.73802e-05,1.06696e-06,6.9834e-05
226,1.57404e-05,-4.95203e-05,1.18938e-06,5.19753e-05
227,1.28755e-05,-3.3863e-05,1.32008e-06,3.62522e-05
228,9.75251e-06,-2.06526e-05,1.47073e-06,2.28867e-05
229,6.40924e-06,-1.01536e-05,1.61592e-06,1.21155e-05
230,3.23886e-06,-2.8635e-06,1.54074e-06,4.58952e-06
231,5.22099e-05,-0.000156347,1.21448e-06,0.000164838
232,4.94583e-05,-0.000132483,1.42666e-06,0.000141421
233,4.60682e-05,-0.000109726,1.64594e-06,0.000119015
234,4.20883e-05,-8.83742e-05,1.87985e-06,9.79028e-05
235,3.754e-05,-6.8719e-05,2.12231e-06,7.8333e-05
236,3.24281e-05,-5.1022e-05,2.36954e-06,6.05015e-05
237,2.67449e-05,-3.55194e-05,2.62465e-06,4.454e-05
238,2.05219e-05,-2.24308e-05,2.90737e-06,3.05408e-05
239,1.37393e-05,-1.19093e-05,3.17783e-06,1.8458e-05
240,7.15342e-06,-4.26243e-06,3.09967e-06,8.88525e-06
241,2.51779e-05,-0.000156323,-5.60864e-07,0.000158339
242,2.41693e-05,-0.00013191,-7.20881e-07,0.000134108
243,2.25852e-05,-0.000108801,-8.37605e-07,0.000111124
244,2.06083e-05,-8.72165e-05,-9.50147e-07,8.96232e-05
245,1.83182e-05,-6.73802e-05,-1.06696e-06,6.9834e-05
246,1.57404e-05,-4.95203e-05,-1.18938e-06,5.19753e-05
247,1.28755e-05,-3.3863e-05,-1.32008e-06,3.62522e-05
248,9.75251e-06,-2.06526e-05,-1.47073e-06,2.28867e-05
249,6.40924e-06,-1.01536e-05,-1.61592e-06,1.21155e-05
250,3.23886e-06,-2.8635e-06,-1.54074e-06,4.58952e-06
251,5.22099e-05,-0.000156347,-1.21447e-06,0.000164838
252,4.94583e-05,-0.000132483,-1.42666e-06,0.000141421
253,4.60682e-05,-0.000109726,-1.64594e-06,0.000119015
254,4.20883e-05,-8.83742e-05,-1.87985e-06,9.79028e-05
255,3.754e-05,-6.8719e-05,-2.12231e-06,7.8333e-05
256,3.24281e-05,-5.1022e-05,-2.36954e-06,6.05015e-05
257,2.67449e-05,-3.55194e-05,-2.62465e-06,4.454e-05
258,2.05219e-05,-2.24308e-05,-2.90737e-06,3.05408e-05
259,1.37393e-05,-1.19093e-05,-3.17783e-06,1.8458e-05
260,7.15342e-06,-4.26243e-06,-3.09967e-06,8.88525e-06
261,2.5549e-05,-0.000181984,6.3994e-08,0.000183769
262,2.55488e-05,-0.000181984,-6.39853e-08,0.000183769
263,5.44121e-05,-0.000181659,3.08593e-07,0.000189633
264,5.4412e-05,-0.000181659,-3.08576e-07,0.000189633
265,-1.63613e-33,1.27633e-34,-1.27373e-35,0
266,-1.56635e-33,1.25533e-34,-2.60151e-35,0
267,-3.22635e-33,-1.54907e-34,-9.41495e-35,0
268,-3.04113e-33,-1.60545e-34,-1.15796e-34,0
269,-8.21991e-05,-0.000158666,-7.09607e-07,0.000178696
270,-8.21991e-05,-0.000158666,7.0961e-07,0.000178696
271,-7.73466e-05,-0.000134544,-7.59931e-07,0.000155194
272,-7.73466e-05,-0.000134544,7.59932e-07,0.000155194
273,-7.19603e-05,-0.000111877,-8.46477e-07,0.000133024
274,-7.19603e-05,-0.000111877,8.46478e-07,0.000133024
275,-6.58622e-05,-9.07746e-05,-9.53043e-07,0.000112155
276,-6.58622e-05,-9.07746e-05,9.53044e-07,0.000112155
277,-5.89842e-05,-7.14335e-05,-1.06822e-06,9.26446e-05
278,-5.89842e-05,-7.14335e-05,1.06822e-06,9.26446e-05
279,-5.13021e-05,-5.40702e-05,-1.1869e-06,7.45446e-05
280,-5.13021e-05,-5.40702e-05,1.1869e-06,7.45446e-05
281,-4.28028e-05,-3.88988e-05,-1.31167e-06,5.78526e-05
282,-4.28028e-05,-3.88988e-05,1.31167e-06,5.78526e-05
283,-3.35107e-05,-2.61325e-05,-1.45351e-06,4.25204e-05
284,-3.35107e-05,-2.61325e-05,1.45351e-06,4.25204e-05
285,-2.32934e-05,-1.58558e-05,-1.61238e-06,2.82239e-05
286,-2.32934e-05,-1.58558e-05,1.61238e-06,2.82239e-05
287,-1.25678e-05,-8.07387e-06,-1.62309e-06,1.50257e-05
288,-1.25678e-05,-8.07387e-06,1.62309e-06,1.50257e-05
289,-2.48775e-05,-0.000156733,-3.9307e-07,0.000158696
290,-2.39162e-05,-0.000132012,-6.36965e-07,0.000134162
291,-2.24096e-05,-0.00010878,-8.008e-07,0.000111068
292,-2.05001e-05,-8.71619e-05,-9.37227e-07,8.95452e-05
293,-1.82579e-05,-6.73281e-05,-1.06476e-06,6.97679e-05
294,-1.57102e-05,-4.94817e-05,-1.1911e-06,5.19295e-05
295,-1.28623e-05,-3.38382e-05,-1.3226e-06,3.62245e-05
296,-9.74801e-06,-2.06384e-05,-1.47285e-06,2.28722e-05
297,-6.40857e-06,-1.01465e-05,-1.61734e-06,1.21094e-05
298,-3.23933e-06,-2.86083e-06,-1.54149e-06,4.58844e-06
299,-5.23087e-05,-0.000156948,-1.16261e-06,0.000165439
300,-4.9556e-05,-0.000132631,-1.42572e-06,0.000141594
301,-4.61441e-05,-0.000109693,-1.66168e-06,0.000119015
302,-4.21391e-05,-8.82923e-05,-1.89707e-06,9.7851e-05
303,-3.75706e-05,-6.86415e-05,-2.13578e-06,7.82801e-05
304,-3.2445e-05,-5.09648e-05,-2.37853e-06,6.04628e-05
305,-2.67535e-05,-3.54828e-05,-2.63001e-06,4.45162e-05
306,-2.05258e-05,-2.24099e-05,-2.91022e-06,3.05284e-05
307,-1.37411e-05,-1.1899e-05,-3.17912e-06,1.84529e-05
308,-7.15401e-06,-4.2588e-06,-3.10002e-06,8.88411e-06
309,-2.48775e-05,-0.000156733,3.93071e-07,0.000158696
310,-2.39162e-05,-0.000132012,6.36963e-07,0.000134162
311,-2.24096e-05,-0.00010878,8.008e-07,0.000111068
312,-2.05001e-05,-8.71619e-05,9.37227e-07,8.95452e-05
313,-1.82579e-05,-6.73281e-05,1.06476e-06,6.97679e-05
314,-1.57102e-05,-4.94817e-05,1.1911e-06,5.19295e-05
315,-1.28623e-05,-3.38382e-05,1.3226e-06,3.62245e-05
316,-9.74801e-06,-2.06384e-05,1.47285e-06,2.28722e-05
317,-6.40857e-06,-1.01465e-05,1.61734e-06,1.21094e-05
318,-3.23933e-06,-2.86083e-06,1.54149e-06,4.58844e-06
319,-5.23087e-05,-0.000156948,1.16262e-06,0.000165439
320,-4.9556e-05,-0.000132631,1.42572e-06,0.000141594
321,-4.61441e-05,-0.000109693,1.66168e-06,0.000119015
322,-4.21391e-05,-8.82923e-05,1.89707e-06,9.7851e-05
323,-3.75706e-05,-6.86415e-05,2.13578e-06,7.82801e-05
324,-3.2445e-05,-5.09648e-05,2.37853e-06,6.04628e-05
325,-2.67535e-05,-3.54828e-05,2.63001e-06,4.45162e-05
326,-2.05258e-05,-2.24099e-05,2.91022e-06,3.05284e-05
327,-1.37411e-05,-1.1899e-05,3.17912e-06,1.84529e-05
328,-7.15401e-06,-4.2588e-06,3.10002e-06,8.88411e-06
329,-2.54263e-05,-0.000183103,3.74298e-08,0.00018486
330,-2.54265e-05,-0.000183102,-3.74202e-08,0.000184859
331,-5.45443e-05,-0.000183309,-2.5487e-07,0.000191252
332,-5.45444e-05,-0.000183309,2.54895e-07,0.000191252
333,1.63648e-33,1.27145e-34,1.2745e-35,0
334,1.56669e-33,1.25049e-34,2.60581e-35,0
335,3.22615e-33,-1.55068e-34,9.41347e-35,0
336,3.04095e-33,-1.60705e-34,1.15852e-34,0
337,4.2347e-05,-0.000340176,-6.69788e-07,0.000342802
338,4.2347e-05,-0.000340176,6.69789e-07,0.000342802
339,3.17428e-05,-0.000369652,-9.33344e-07,0.000371014
340,3.17428e-05,-0.000369652,9.33344e-07,0.000371014
341,1.84406e-05,-0.00038818,-7.58027e-07,0.000388619
342,1.84406e-05,-0.00038818,7.5803e-07,0.000388619
343,9.32928e-05,-0.000361782,1.40402e-07,0.000373617
344,9.32928e-05,-0.000361782,-1.40403e-07,0.000373617
345,6.25948e-05,-0.000401044,3.24821e-07,0.0004059
346,6.25948e-05,-0.000401044,-3.24814e-07,0.0004059
347,3.01916e-05,-0.000417741,2.05846e-07,0.000418831
348,3.01916e-05,-0.000417741,-2.05835e-07,0.000418831
349,6.71663e-05,-0.000352347,-7.4771e-07,0.000358692
350,4.55072e-05,-0.000386991,-8.43624e-07,0.000389658
351,2.26189e-05,-0.000403684,-7.73331e-07,0.000404317
352,6.71663e-05,-0.000352347,7.47714e-07,0.000358692
353,4.55072e-05,-0.000386991,8.43626e-07,0.000389658
354,2.2619e-05,-0.000403684,7.73339e-07,0.000404317
355,7.54865e-05,-0.00030376,-1.92567e-07,0.000312999
356,7.54865e-05,-0.00030376,1.92582e-07,0.000312999
357,5.13263e-06,-0.000408551,-1.49227e-07,0.000408583
358,5.13263e-06,-0.000408551,1.49236e-07,0.000408583
359,-3.51488e-05,-0.000350107,-4.32767e-07,0.000351867
360,-3.51487e-05,-0.000350107,4.32772e-07,0.000351867
361,-2.21187e-05,-0.000377127,-6.49083e-07,0.000377775
362,-2.21187e-05,-0.000377127,6.49085e-07,0.000377775
363,-7.27007e-06,-0.000392146,-4.36589e-07,0.000392214
364,-7.27007e-06,-0.000392146,4.36594e-07,0.000392213
365,-8.6421e-05,-0.000369603,4.74618e-07,0.000379573
366,-8.6421e-05,-0.000369603,-4.74615e-07,0.000379573
367,-5.3732e-05,-0.000406372,6.20539e-07,0.000409909
368,-5.3732e-05,-0.000406372,-6.2053e-07,0.000409909
369,-2.06455e-05,-0.000420283,4.76169e-07,0.00042079
370,-2.06455e-05,-0.000420283,-4.76156e-07,0.00042079
371,-6.02117e-05,-0.000361049,1.11856e-07,0.000366035
372,-3.65185e-05,-0.000393148,3.00382e-08,0.00039484
373,-1.26908e-05,-0.000406764,1.13255e-07,0.000406962
374,-6.02117e-05,-0.000361049,-1.11848e-07,0.000366035
375,-3.65185e-05,-0.000393148,-3.00349e-08,0.00039484
376,-1.26908e-05,-0.000406764,-1.13246e-07,0.000406962
377,-7.15231e-05,-0.00031313,8.87704e-08,0.000321195
378,-7.15231e-05,-0.00031313,-8.87522e-08,0.000321194
379,-2.49127e-07,-0.000201827,8.17532e-08,0.000201828
380,-2.48883e-07,-0.000201827,-8.17326e-08,0.000201828
381,-2.15918e-05,-0.000208194,-1.02132e-06,0.000209313
382,-5.10798e-05,-0.000221561,-5.5482e-07,0.000227374
383,-6.48125e-05,-0.000265154,-6.30065e-07,0.000272961
384,-2.15919e-05,-0.000208194,1.0213e-06,0.000209313
385,-5.10797e-05,-0.000221561,5.5481e-07,0.000227374
386,-6.48125e-05,-0.000265154,6.30081e-07,0.000272961
387,-1.75429e-05,-0.000226915,6.49563e-07,0.000227593
388,-3.10592e-05,-0.00024692,9.1458e-07,0.000248868
389,-1.75429e-05,-0.000226915,-6.49556e-07,0.000227593
390,-3.10592e-05,-0.00024692,-9.14553e-07,0.000248868
391,-3.98565e-05,-0.000277285,6.70788e-07,0.000280136
392,-3.98567e-05,-0.000277285,-6.7077e-07,0.000280136
393,-9.30608e-05,-0.00021947,-6.68483e-07,0.000238386
394,-9.30611e-05,-0.00021947,6.68513e-07,0.000238386
395,-9.92216e-05,-0.00026197,-3.91892e-07,0.000280131
396,-9.92215e-05,-0.00026197,3.91847e-07,0.000280131
397,2.1416e-05,-0.000206069,5.25623e-07,0.000207179
398,5.14151e-05,-0.000217391,9.48537e-08,0.000223389
399,6.64017e-05,-0.000257351,-5.38236e-08,0.000265779
400,2.1416e-05,-0.000206069,-5.25628e-07,0.000207179
401,5.14152e-05,-0.000217391,-9.48835e-08,0.000223389
402,6.64018e-05,-0.000257351,5.38582e-08,0.000265779
403,1.61964e-05,-0.000223742,-4.28517e-07,0.000224328
404,1.61964e-05,-0.000223741,4.28517e-07,0.000224327
405,3.09661e-05,-0.000240522,-6.94259e-07,0.000242508
406,3.0966e-05,-0.000240522,6.94285e-07,0.000242508
407,4.17415e-05,-0.000268063,-4.63723e-07,0.000271293
408,4.17414e-05,-0.000268063,4.63739e-07,0.000271293
409,9.18185e-05,-0.000215592,-7.59579e-07,0.000234331
410,9.18189e-05,-0.000215592,7.59615e-07,0.000234332
411,9.9383e-05,-0.000255191,6.61436e-07,0.000273861
412,9.93831e-05,-0.000255191,-6.61479e-07,0.000273861
413,2.53097e-05,-0.000156618,1.83288e-07,0.000158649
414,2.53097e-05,-0.000156618,-1.8329e-07,0.000158649
415,2.42513e-05,-0.000132276,2.39307e-07,0.000134481
416,2.42513e-05,-0.000132276,-2.39307e-07,0.000134481
417,2.26575e-05,-0.000109233,2.78865e-07,0.000111559
418,2.26575e-05,-0.000109233,-2.78865e-07,0.000111559
419,2.06824e-05,-8.77149e-05,3.16588e-07,9.01208e-05
420,2.06824e-05,-8.77149e-05,-3.16589e-07,9.01208e-05
421,1.83957e-05,-6.79452e-05,3.55647e-07,7.03923e-05
422,1.83957e-05,-6.79452e-05,-3.55647e-07,7.03923e-05
423,1.58223e-05,-5.01525e-05,3.96671e-07,5.25907e-05
424,1.58223e-05,-5.01525e-05,-3.96671e-07,5.25907e-05
425,1.29594e-05,-3.45633e-05,4.41981e-07,3.69156e-05
426,1.29594e-05,-3.45633e-05,-4.41981e-07,3.69156e-05
427,9.83625e-06,-2.14201e-05,4.97805e-07,2.35759e-05
428,9.83625e-06,-2.14201e-05,-4.97805e-07,2.35759e-05
429,6.39217e-06,-1.09541e-05,5.58865e-07,1.26951e-05
430,6.39217e-06,-1.09541e-05,-5.58865e-07,1.26951e-05
431,2.97072e-06,-3.53087e-06,5.49253e-07,4.64692e-06
432,2.97072e-06,-3.53087e-06,-5.49253e-07,4.64692e-06
433,5.23576e-05,-0.000156751,4.0294e-07,0.000165265
434,5.23576e-05,-0.000156751,-4.02948e-07,0.000165265
435,4.95926e-05,-0.000132875,4.7439e-07,0.000141829
436,4.95926e-05,-0.000132875,-4.74389e-07,0.000141829
437,4.62099e-05,-0.000110159,5.4798e-07,0.00011946
438,4.62099e-05,-0.000110159,-5.4798e-07,0.00011946
439,4.22379e-05,-8.88691e-05,6.26253e-07,9.8398e-05
440,4.22379e-05,-8.88691e-05,-6.26253e-07,9.8398e-05
441,3.76943e-05,-6.92803e-05,7.07324e-07,7.88741e-05
442,3.76943e-05,-6.92803e-05,-7.07324e-07,7.88741e-05
443,3.25868e-05,-5.16494e-05,7.90071e-07,6.10752e-05
444,3.25868e-05,-5.16494e-05,-7.90071e-07,6.10752e-05
445,2.69039e-05,-3.62102e-05,8.77912e-07,4.51195e-05
446,2.69039e-05,-3.62102e-05,-8.77912e-07,4.51195e-05
447,2.06748e-05,-2.31827e-05,9.80516e-07,3.1078e-05
448,2.06748e-05,-2.31827e-05,-9.80516e-07,3.1078e-05
449,1.36995e-05,-1.26802e-05,1.09415e-06,1.86992e-05
450,1.36995e-05,-1.26802e-05,-1.09415e-06,1.86992e-05
451,6.65855e-06,-4.9332e-06,1.0847e-06,8.35759e-06
452,6.65855e-06,-4.9332e-06,-1.0847e-06,8.35759e-06
453,-2.50793e-05,-0.000157067,-1.2743e-07,0.000159056
454,-2.50792e-05,-0.000157067,1.27428e-07,0.000159056
455,-2.40397e-05,-0.000132407,-2.11461e-07,0.000134572
456,-2.40397e-05,-0.000132407,2.11461e-07,0.000134572
457,-2.2504e-05,-0.000109232,-2.66625e-07,0.000111526
458,-2.2504e-05,-0.000109232,2.66625e-07,0.000111526
459,-2.05847e-05,-8.7672e-05,-3.12271e-07,9.00567e-05
460,-2.05847e-05,-8.7672e-05,3.1227e-07,9.00567e-05
461,-1.83397e-05,-6.78995e-05,-3.54886e-07,7.03336e-05
462,-1.83397e-05,-6.78995e-05,3.54886e-07,7.03336e-05
463,-1.57934e-05,-5.01171e-05,-3.9722e-07,5.25482e-05
464,-1.57934e-05,-5.01171e-05,3.9722e-07,5.25482e-05
465,-1.29462e-05,-3.45399e-05,-4.42804e-07,3.68891e-05
466,-1.29462e-05,-3.45399e-05,4.42804e-07,3.68891e-05
467,-9.83132e-06,-2.14064e-05,-4.98503e-07,2.35613e-05
468,-9.83132e-06,-2.14064e-05,4.98503e-07,2.35613e-05
469,-6.39103e-06,-1.09471e-05,-5.59332e-07,1.26884e-05
470,-6.39103e-06,-1.09471e-05,5.59332e-07,1.26884e-05
471,-2.97083e-06,-3.52814e-06,-5.49495e-07,4.64495e-06
472,-2.97083e-06,-3.52814e-06,5.49495e-07,4.64495e-06
473,-5.2511e-05,-0.000157429,-3.8659e-07,0.000165956
474,-5.25109e-05,-0.000157429,3.86582e-07,0.000165956
475,-4.97142e-05,-0.000133078,-4.74656e-07,0.000142062
476,-4.97142e-05,-0.000133078,4.74658e-07,0.000142062
477,-4.62929e-05,-0.000110161,-5.53486e-07,0.000119494
478,-4.62929e-05,-0.000110161,5.53486e-07,0.000119494
479,-4.22887e-05,-8.8807e-05,-6.32051e-07,9.83637e-05
480,-4.22887e-05,-8.8807e-05,6.32051e-07,9.83637e-05
481,-3.77226e-05,-6.9213e-05,-7.11789e-07,7.88286e-05
482,-3.77226e-05,-6.9213e-05,7.11789e-07,7.88286e-05
483,-3.26012e-05,-5.15969e-05,-7.9302e-07,6.10386e-05
484,-3.26012e-05,-5.15969e-05,7.93021e-07,6.10386e-05
485,-2.69105e-05,-3.61754e-05,-8.79656e-07,4.50955e-05
486,-2.69105e-05,-3.61754e-05,8.79656e-07,4.50955e-05
487,-2.06775e-05,-2.31622e-05,-9.81438e-07,3.10646e-05
488,-2.06775e-05,-2.31622e-05,9.81439e-07,3.10646e-05
489,-1.37005e-05,-1.26698e-05,-1.09456e-06,1.86929e-05
490,-1.37005e-05,-1.26698e-05,1.09456e-06,1.86929e-05
491,-6.65876e-06,-4.92931e-06,-1.08481e-06,8.35548e-06
492,-6.65876e-06,-4.92931e-06,1.08481e-06,8.35548e-06
493,6.76121e-05,-0.000351363,-2.65995e-07,0.000357809
494,6.76121e-05,-0.000351363,2.6599e-07,0.000357809
495,4.67044e-05,-0.000385805,-3.04133e-07,0.000388622
496,4.67044e-05,-0.000385805,3.04139e-07,0.000388622
497,2.38145e-05,-0.000403193,-2.74438e-07,0.000403896
498,2.38145e-05,-0.000403193,2.74446e-07,0.000403896
499,-6.07083e-05,-0.000359943,2.07829e-08,0.000365027
500,-6.07083e-05,-0.000359943,-2.07847e-08,0.000365027
501,-3.77237e-05,-0.000391949,-1.32261e-08,0.00039376
502,-3.77237e-05,-0.000391949,1.3235e-08,0.00039376
503,-1.38219e-05,-0.000406298,2.18768e-08,0.000406533
504,-1.38219e-05,-0.000406298,-2.1868e-08,0.000406533
505,-5.18005e-05,-0.000222525,2.00902e-07,0.000228475
506,-5.17538e-05,-0.000222573,-2.02489e-07,0.000228511
507,-2.23017e-05,-0.00020842,3.5631e-07,0.00020961
508,-6.50917e-05,-0.000266333,2.15676e-07,0.000274172
509,-2.2285e-05,-0.000208424,-3.56354e-07,0.000209613
510,-6.50835e-05,-0.000266363,-2.15911e-07,0.0002742
511,5.20011e-05,-0.000218296,4.79688e-08,0.000224405
512,2.19907e-05,-0.000206241,1.90788e-07,0.00020741
513,5.1955e-05,-0.000218341,-4.93674e-08,0.000224437
514,6.65803e-05,-0.000258618,-1.23826e-08,0.000267051
515,2.19735e-05,-0.000206246,-1.90805e-07,0.000207414
516,6.65736e-05,-0.000258647,1.21589e-08,0.000267077
517,2.53699e-05,-0.000168944,4.34626e-07,0.000170839
518,2.52623e-05,-0.000156506,3.71282e-07,0.000158533
519,2.55606e-05,-0.000169197,1.39896e-07,0.000171117
520,2.54559e-05,-0.000181902,1.39673e-07,0.000183675
521,5.39905e-08,-0.000182752,1.16515e-07,0.000182752
522,1.26343e-07,-0.000169743,4.52782e-08,0.000169744
523,1.7656e-07,-0.000156828,6.86213e-08,0.000156828
524,1.71965e-07,-0.000169613,1.35489e-07,0.000169613
525,1.25141e-05,-0.000182403,4.18887e-08,0.000182831
526,1.23634e-05,-0.000182346,1.42229e-07,0.000182765
527,1.25977e-05,-0.000156763,1.04526e-07,0.000157268
528,1.25386e-05,-0.000156517,3.17264e-07,0.000157019
529,2.53261e-05,-0.000156655,-2.8276e-12,0.000158689
530,2.55606e-05,-0.000169197,-1.39893e-07,0.000171117
531,2.558e-05,-0.00018201,1.8062e-11,0.000183799
532,2.77088e-08,-0.000182766,2.10481e-12,0.000182766
533,1.26307e-07,-0.000169743,-4.52782e-08,0.000169744
534,1.5795e-07,-0.000156944,-1.56568e-12,0.000156944
535,1.25141e-05,-0.000182403,-4.18881e-08,0.000182832
536,1.25976e-05,-0.000156763,-1.04526e-07,0.000157268
537,2.52623e-05,-0.000156506,-3.71282e-07,0.000158533
538,2.53699e-05,-0.000168944,-4.34635e-07,0.000170839
539,2.54558e-05,-0.000181903,-1.3969e-07,0.000183675
540,5.39454e-08,-0.000182752,-1.1651e-07,0.000182752
541,1.71968e-07,-0.000169613,-1.35484e-07,0.000169613
542,1.76592e-07,-0.000156828,-6.86207e-08,0.000156828
543,1.23634e-05,-0.000182346,-1.42235e-07,0.000182765
544,1.25386e-05,-0.000156517,-3.17264e-07,0.000157019
545,2.47714e-05,-0.000143969,6.53242e-07,0.000146086
546,2.42208e-05,-0.000132138,4.7991e-07,0.00013434
547,2.48694e-05,-0.0001443,2.16534e-07,0.000146428
548,1.70903e-07,-0.000144391,2.55331e-08,0.000144391
549,1.69556e-07,-0.000132075,3.72204e-08,0.000132075
550,2.01269e-07,-0.00014409,7.64621e-08,0.000144091
551,1.21266e-05,-0.000132198,1.28364e-07,0.000132753
552,1.20939e-05,-0.000131844,3.86532e-07,0.000132398
553,2.42616e-05,-0.000132322,2.08353e-13,0.000134527
554,2.48694e-05,-0.0001443,-2.16536e-07,0.000146428
555,1.70923e-07,-0.000144391,-2.55344e-08,0.000144391
556,1.57638e-07,-0.000132252,-6.37412e-13,0.000132252
557,1.21266e-05,-0.000132198,-1.28366e-07,0.000132753
558,2.42208e-05,-0.000132138,-4.79912e-07,0.00013434
559,2.47714e-05,-0.000143969,-6.53241e-07,0.000146086
560,2.01268e-07,-0.00014409,-7.64617e-08,0.000144091
561,1.69545e-07,-0.000132075,-3.72208e-08,0.000132075
562,1.20939e-05,-0.000131844,-3.86532e-07,0.000132398
563,2.34382e-05,-0.000120178,7.81659e-07,0.000122445
564,2.26305e-05,-0.000109071,5.58179e-07,0.000111395
565,2.35123e-05,-0.000120578,2.60203e-07,0.000122849
566,1.43262e-07,-0.000120388,1.32666e-08,0.000120388
567,1.26655e-07,-0.000108793,1.84506e-08,0.000108793
568,1.61497e-07,-0.000119991,3.98519e-08,0.000119991
569,1.13288e-05,-0.000109022,1.44404e-07,0.000109609
570,1.12987e-05,-0.00010859,4.33579e-07,0.000109177
571,2.26665e-05,-0.000109287,-4.05208e-13,0.000111613
572,2.35123e-05,-0.000120578,-2.60203e-07,0.000122849
573,1.43255e-07,-0.000120388,-1.32674e-08,0.000120388
574,1.19811e-07,-0.000109011,-4.44624e-13,0.000109011
575,1.13288e-05,-0.000109022,-1.44405e-07,0.000109609
576,2.26305e-05,-0.000109071,-5.5818e-07,0.000111395
577,2.34382e-05,-0.000120178,-7.81659e-07,0.000122445
578,1.61496e-07,-0.000119991,-3.98528e-08,0.000119991
579,1.26656e-07,-0.000108793,-1.84515e-08,0.000108793
580,1.12987e-05,-0.00010859,-4.3358e-07,0.000109177
581,2.16405e-05,-9.78041e-05,8.93708e-07,0.000100174
582,2.06547e-05,-8.75279e-05,6.3333e-07,8.99341e-05
583,2.1713e-05,-9.82693e-05,2.97739e-07,0.00010064
584,9.97994e-08,-9.79266e-05,6.20283e-09,9.79266e-05
585,8.21622e-08,-8.7135e-05,8.03387e-09,8.7135e-05
586,1.09877e-07,-9.74569e-05,1.85917e-08,9.7457e-05
587,1.03247e-05,-8.74261e-05,1.60707e-07,8.80337e-05
588,1.02912e-05,-8.69257e-05,4.82281e-07,8.75341e-05
589,2.06915e-05,-8.77772e-05,-1.43137e-13,9.0183e-05
590,2.1713e-05,-9.82693e-05,-2.9774e-07,0.00010064
591,9.9801e-08,-9.79266e-05,-6.20356e-09,9.79266e-05
592,7.85535e-08,-8.73864e-05,-2.50921e-13,8.73865e-05
593,1.03247e-05,-8.74261e-05,-1.60708e-07,8.80337e-05
594,2.06546e-05,-8.75279e-05,-6.3333e-07,8.99341e-05
595,2.16405e-05,-9.78041e-05,-8.93709e-07,0.000100174
596,1.09877e-07,-9.74569e-05,-1.85922e-08,9.7457e-05
597,8.21616e-08,-8.7135e-05,-8.03433e-09,8.7135e-05
598,1.02912e-05,-8.69257e-05,-4.82281e-07,8.75341e-05
599,1.95006e-05,-7.70655e-05,1.00792e-06,7.95009e-05
600,1.83668e-05,-6.77333e-05,7.11291e-07,7.01829e-05
601,1.95763e-05,-7.75972e-05,3.35901e-07,8.00292e-05
602,6.16554e-08,-7.7167e-05,2.45822e-09,7.71671e-05
603,4.79864e-08,-6.72703e-05,2.78317e-09,6.72703e-05
604,6.6699e-08,-7.66311e-05,7.35474e-09,7.66311e-05
605,9.16424e-06,-6.76053e-05,1.78818e-07,6.82239e-05
606,9.12717e-06,-6.70383e-05,5.3647e-07,6.76589e-05
607,1.84055e-05,-6.80158e-05,-1.05279e-13,7.04621e-05
608,1.95763e-05,-7.75972e-05,-3.35901e-07,8.00292e-05
609,6.16549e-08,-7.7167e-05,-2.45858e-09,7.71671e-05
610,4.62809e-08,-6.75547e-05,-1.57657e-13,6.75547e-05
611,9.16424e-06,-6.76053e-05,-1.78819e-07,6.82239e-05
612,1.83668e-05,-6.77333e-05,-7.11291e-07,7.01829e-05
613,1.95006e-05,-7.70655e-05,-1.00792e-06,7.95009e-05
614,6.6699e-08,-7.66311e-05,-7.3551e-09,7.66311e-05
615,4.79865e-08,-6.72703e-05,-2.78346e-09,6.72703e-05
616,9.12717e-06,-6.70383e-05,-5.3647e-07,6.76589e-05
617,1.70651e-05,-5.8189e-05,1.12742e-06,6.06502e-05
618,1.57913e-05,-4.99153e-05,7.92904e-07,5.23596e-05
619,1.71447e-05,-5.87875e-05,3.75759e-07,6.12377e-05
620,3.44768e-08,-5.82979e-05,6.75434e-10,5.82979e-05
621,2.53987e-08,-4.93995e-05,4.45926e-10,4.93995e-05
622,3.67013e-08,-5.76959e-05,2.00631e-09,5.76959e-05
623,7.86386e-06,-4.97709e-05,1.98706e-07,5.03887e-05
624,7.82355e-06,-4.91367e-05,5.958e-07,4.97592e-05
625,1.5832e-05,-5.02316e-05,-5.67936e-14,5.26675e-05
626,1.71447e-05,-5.87875e-05,-3.75759e-07,6.12377e-05
627,3.44769e-08,-5.82979e-05,-6.75668e-10,5.82979e-05
628,2.47113e-08,-4.97175e-05,-8.5339e-14,4.97175e-05
629,7.86386e-06,-4.97709e-05,-1.98706e-07,5.03887e-05
630,1.57913e-05,-4.99153e-05,-7.92904e-07,5.23596e-05
631,1.70651e-05,-5.8189e-05,-1.12742e-06,6.06502e-05
632,3.67014e-08,-5.76959e-05,-2.0065e-09,5.76959e-05
633,2.53987e-08,-4.93995e-05,-4.46091e-10,4.93995e-05
634,7.82355e-06,-4.91367e-05,-5.958e-07,4.97592e-05
635,1.43428e-05,-4.14016e-05,1.25316e-06,4.38335e-05
636,1.29304e-05,-3.43009e-05,8.82149e-07,3.66678e-05
637,1.44266e-05,-4.20677e-05,4.18157e-07,4.44747e-05
638,1.73946e-08,-4.15298e-05,-5.14298e-11,4.15298e-05
639,1.19866e-08,-3.37414e-05,-3.95774e-10,3.37414e-05
640,1.81807e-08,-4.08596e-05,-1.67421e-10,4.08596e-05
641,6.42606e-06,-3.41494e-05,2.21323e-07,3.47494e-05
642,6.38319e-06,-3.34455e-05,6.60862e-07,3.40556e-05
643,1.29717e-05,-3.46507e-05,-3.27492e-14,3.69991e-05
644,1.44266e-05,-4.20677e-05,-4.18157e-07,4.44747e-05
645,1.73946e-08,-4.15298e-05,5.13014e-11,4.15298e-05
646,1.1791e-08,-3.40937e-05,-5.06912e-14,3.40937e-05
647,6.42606e-06,-3.41494e-05,-2.21323e-07,3.47494e-05
648,1.29304e-05,-3.43009e-05,-8.82149e-07,3.66678e-05
649,1.43428e-05,-4.14016e-05,-1.25316e-06,4.38335e-05
650,1.81807e-08,-4.08596e-05,1.67302e-10,4.08596e-05
651,1.19866e-08,-3.37414e-05,3.9568e-10,3.37414e-05
652,6.38319e-06,-3.34455e-05,-6.60863e-07,3.40556e-05
653,1.13452e-05,-2.6936e-05,1.39272e-06,2.92609e-05
654,9.80689e-06,-2.11346e-05,9.84222e-07,2.33198e-05
655,1.14323e-05,-2.76708e-05,4.67542e-07,2.99431e-05
656,7.69556e-09,-2.70968e-05,-2.64634e-10,2.70968e-05
657,4.7905e-09,-2.05524e-05,-5.5424e-10,2.05524e-05
658,7.83001e-09,-2.6355e-05,-8.01114e-10,2.6355e-05
659,4.85062e-06,-2.09828e-05,2.49767e-07,2.15376e-05
660,4.80956e-06,-2.02099e-05,7.38206e-07,2.07874e-05
661,9.83622e-06,-2.15157e-05,-1.67845e-14,2.36575e-05
662,1.14323e-05,-2.76708e-05,-4.67542e-07,2.99431e-05
663,7.69557e-09,-2.70968e-05,2.6456e-10,2.70968e-05
664,4.80202e-09,-2.09354e-05,-2.78183e-14,2.09354e-05
665,4.85062e-06,-2.09828e-05,-2.49767e-07,2.15376e-05
666,9.80689e-06,-2.11346e-05,-9.84222e-07,2.33198e-05
667,1.13452e-05,-2.6936e-05,-1.39272e-06,2.92609e-05
668,7.83004e-09,-2.6355e-05,8.01048e-10,2.6355e-05
669,4.79051e-09,-2.05524e-05,5.54187e-10,2.05524e-05
670,4.80956e-06,-2.02099e-05,-7.38206e-07,2.07874e-05
671,8.08288e-06,-1.50377e-05,1.54863e-06,1.71424e-05
672,6.44112e-06,-1.06685e-05,1.11348e-06,1.25118e-05
673,8.13913e-06,-1.5833e-05,5.28683e-07,1.78104e-05
674,2.75454e-09,-1.52706e-05,-2.60705e-10,1.52706e-05
675,1.38303e-09,-1.01671e-05,-4.53401e-10,1.01671e-05
676,2.64307e-09,-1.44652e-05,-7.85102e-10,1.44652e-05
677,3.15133e-06,-1.0568e-05,2.80784e-07,1.10314e-05
678,3.15841e-06,-9.7628e-06,8.094e-07,1.02929e-05
679,6.40195e-06,-1.10469e-05,-8.173e-15,1.27679e-05
680,8.13913e-06,-1.5833e-05,-5.28683e-07,1.78104e-05
681,2.75454e-09,-1.52706e-05,2.60665e-10,1.52706e-05
682,1.46244e-09,-1.05492e-05,-1.46695e-14,1.05492e-05
683,3.15133e-06,-1.0568e-05,-2.80784e-07,1.10314e-05
684,6.44112e-06,-1.06685e-05,-1.11348e-06,1.25118e-05
685,8.08288e-06,-1.50377e-05,-1.54863e-06,1.71424e-05
686,2.64309e-09,-1.44652e-05,7.85066e-10,1.44652e-05
687,1.38304e-09,-1.01671e-05,4.53374e-10,1.01671e-05
688,3.15841e-06,-9.7628e-06,-8.094e-07,1.02929e-05
689,4.8135e-06,-6.08443e-06,1.68729e-06,7.93958e-06
690,3.01931e-06,-3.34975e-06,1.00569e-06,4.62044e-06
691,4.6713e-06,-6.85307e-06,5.5907e-07,8.31253e-06
692,6.08757e-10,-6.4068e-06,-1.78152e-10,6.4068e-06
693,1.27201e-10,-3.07894e-06,-2.50875e-10,3.07894e-06
694,4.28063e-10,-5.63587e-06,-5.56497e-10,5.63587e-06
695,1.45585e-06,-3.32087e-06,2.7483e-07,3.63638e-06
696,1.59293e-06,-2.6529e-06,7.6505e-07,3.18757e-06
697,2.90663e-06,-3.59956e-06,7.92614e-15,4.62659e-06
698,4.6713e-06,-6.85307e-06,-5.5907e-07,8.31253e-06
699,6.08759e-10,-6.4068e-06,1.78133e-10,6.4068e-06
700,1.93219e-10,-3.33468e-06,-5.9439e-15,3.33468e-06
701,1.45585e-06,-3.32087e-06,-2.7483e-07,3.63638e-06
702,3.01931e-06,-3.34975e-06,-1.00569e-06,4.62044e-06
703,4.8135e-06,-6.08443e-06,-1.68729e-06,7.93958e-06
704,4.28074e-10,-5.63587e-06,5.5648e-10,5.63587e-06
705,1.27204e-10,-3.07894e-06,2.50864e-10,3.07894e-06
706,1.59293e-06,-2.6529e-06,-7.6505e-07,3.18757e-06
707,1.64752e-06,-8.05978e-07,1.22777e-06,2.20711e-06
708,2.03128e-33,2.58827e-34,1.8047e-34,0
709,1.35286e-06,-1.24774e-06,2.73375e-07,1.8606e-06
710,-1.85958e-11,-1.10106e-06,-5.32543e-11,1.10106e-06
711,-3.0986e-34,-1.55999e-34,-5.76867e-35,0
712,-1.339e-10,-6.5895e-07,-2.29648e-10,6.5895e-07
713,9.13223e-34,-2.19449e-34,2.84015e-34,0
714,0,-0,0,0
715,2.00816e-33,1.89864e-34,-1.07143e-41,0
716,1.35286e-06,-1.24774e-06,-2.73375e-07,1.8606e-06
717,-1.85954e-11,-1.10106e-06,5.32493e-11,1.10106e-06
718,-2.49088e-34,-2.27162e-34,6.72063e-42,0
719,7.84838e-34,-2.08005e-34,1.33214e-34,0
720,2.03128e-33,2.58827e-34,-1.8047e-34,0
721,1.64752e-06,-8.05978e-07,-1.22777e-06,2.20711e-06
722,-1.33896e-10,-6.5895e-07,2.29643e-10,6.5895e-07
723,-3.0986e-34,-1.55999e-34,5.76867e-35,0
724,-0,-0,-0,0
725,5.33017e-05,-0.000168618,1.09812e-06,0.000176846
726,5.23024e-05,-0.000156597,8.06311e-07,0.000165103
727,5.34798e-05,-0.000169065,3.62552e-07,0.000177322
728,5.43251e-05,-0.000181462,6.24143e-07,0.00018942
729,3.95701e-05,-0.000181703,1.62171e-07,0.000185962
730,3.92735e-05,-0.000181319,5.10724e-07,0.000185524
731,3.85588e-05,-0.000156579,2.85365e-07,0.000161257
732,3.84023e-05,-0.000156224,8.65616e-07,0.000160877
733,5.23762e-05,-0.000156803,1.0299e-11,0.000165319
734,5.34797e-05,-0.000169065,-3.62549e-07,0.000177322
735,5.44375e-05,-0.000181722,-6.07627e-11,0.000189701
736,3.95702e-05,-0.000181703,-1.62177e-07,0.000185962
737,3.85588e-05,-0.000156579,-2.85365e-07,0.000161257
738,5.23024e-05,-0.000156597,-8.06326e-07,0.000165103
739,5.33016e-05,-0.000168618,-1.09812e-06,0.000176846
740,5.4325e-05,-0.000181462,-6.24067e-07,0.00018942
741,3.92734e-05,-0.000181319,-5.10702e-07,0.000185524
742,3.84023e-05,-0.000156224,-8.65621e-07,0.000160877
743,5.09202e-05,-0.000144295,1.32256e-06,0.000153021
744,4.9543e-05,-0.000132726,9.49416e-07,0.000141674
745,5.10567e-05,-0.000144683,4.39695e-07,0.000153428
746,3.67189e-05,-0.000132486,3.55458e-07,0.00013748
747,3.66039e-05,-0.000132105,1.07002e-06,0.000137086
748,4.96091e-05,-0.000132925,-1.79591e-12,0.000141881
749,5.10567e-05,-0.000144683,-4.39696e-07,0.000153428
750,3.67189e-05,-0.000132486,-3.55459e-07,0.00013748
751,4.9543e-05,-0.000132726,-9.49412e-07,0.000141674
752,5.09202e-05,-0.000144295,-1.32256e-06,0.000153021
753,3.66039e-05,-0.000132105,-1.07002e-06,0.000137086
754,4.78391e-05,-0.000120949,1.53472e-06,0.000130076
755,4.6158e-05,-0.000109995,1.09633e-06,0.000119293
756,4.79764e-05,-0.000121358,5.10745e-07,0.000130498
757,3.42502e-05,-0.000109606,4.13594e-07,0.000114834
758,3.41402e-05,-0.000109173,1.24266e-06,0.000114393
759,4.62278e-05,-0.000110214,4.54366e-13,0.000119516
760,4.79764e-05,-0.000121358,-5.10745e-07,0.000130498
761,3.42502e-05,-0.000109606,-4.13594e-07,0.000114834
762,4.6158e-05,-0.000109995,-1.09633e-06,0.000119293
763,4.78391e-05,-0.000120949,-1.53472e-06,0.000130076
764,3.41402e-05,-0.000109173,-1.24266e-06,0.000114393
765,4.41498e-05,-9.88564e-05,1.76152e-06,0.000108282
766,4.21828e-05,-8.86831e-05,1.25281e-06,9.82123e-05
767,4.42959e-05,-9.93192e-05,5.86694e-07,0.000108751
768,3.12815e-05,-8.81941e-05,4.71788e-07,9.35786e-05
769,3.11678e-05,-8.76975e-05,1.41619e-06,9.30821e-05
770,4.22569e-05,-8.89311e-05,-1.10978e-14,9.84601e-05
771,4.42959e-05,-9.93192e-05,-5.86694e-07,0.000108751
772,3.12815e-05,-8.81941e-05,-4.71788e-07,9.35786e-05
773,4.21828e-05,-8.86831e-05,-1.25281e-06,9.82123e-05
774,4.41498e-05,-9.88564e-05,-1.76152e-06,0.000108282
775,3.11678e-05,-8.76975e-05,-1.41619e-06,9.30821e-05
776,3.98847e-05,-7.83181e-05,2.00033e-06,8.7912e-05
777,3.76375e-05,-6.90697e-05,1.41476e-06,7.86715e-05
778,4.0037e-05,-7.88459e-05,6.66541e-07,8.84312e-05
779,2.7866e-05,-6.85037e-05,5.31756e-07,7.39564e-05
780,2.77482e-05,-6.79406e-05,1.59557e-06,7.3406e-05
781,3.77143e-05,-6.93505e-05,3.98146e-14,7.89421e-05
782,4.0037e-05,-7.88459e-05,-6.66542e-07,8.84312e-05
783,2.7866e-05,-6.85037e-05,-5.31756e-07,7.39564e-05
784,3.76375e-05,-6.90697e-05,-1.41476e-06,7.86715e-05
785,3.98847e-05,-7.83181e-05,-2.00033e-06,8.7912e-05
786,2.77482e-05,-6.79406e-05,-1.59557e-06,7.3406e-05
787,3.50547e-05,-5.96106e-05,2.24546e-06,6.91903e-05
788,3.25269e-05,-5.14142e-05,1.57959e-06,6.08598e-05
789,3.52111e-05,-6.02051e-05,7.48303e-07,6.97499e-05
790,2.40221e-05,-5.07785e-05,5.93759e-07,5.61772e-05
791,2.39001e-05,-5.0149e-05,1.78035e-06,5.55816e-05
792,3.26059e-05,-5.1728e-05,1.44939e-14,6.11468e-05
793,3.52111e-05,-6.02051e-05,-7.48303e-07,6.97499e-05
794,2.40221e-05,-5.07785e-05,-5.93759e-07,5.61772e-05
795,3.25269e-05,-5.14142e-05,-1.57959e-06,6.08598e-05
796,3.50547e-05,-5.96106e-05,-2.24546e-06,6.91903e-05
797,2.39001e-05,-5.0149e-05,-1.78035e-06,5.55816e-05
798,2.9657e-05,-4.29824e-05,2.49522e-06,5.22804e-05
799,2.68496e-05,-3.59506e-05,1.75314e-06,4.49045e-05
800,2.98172e-05,-4.3642e-05,8.32504e-07,5.28619e-05
801,1.975e-05,-3.52533e-05,6.60676e-07,4.04141e-05
802,1.96249e-05,-3.45573e-05,1.97526e-06,3.979e-05
803,2.69281e-05,-3.62963e-05,1.16072e-14,4.51945e-05
804,2.98172e-05,-4.3642e-05,-8.32504e-07,5.28619e-05
805,1.975e-05,-3.52533e-05,-6.60676e-07,4.04141e-05
806,2.68496e-05,-3.59506e-05,-1.75314e-06,4.49045e-05
807,2.9657e-05,-4.29824e-05,-2.49522e-06,5.22804e-05
808,1.96249e-05,-3.45573e-05,-1.97526e-06,3.979e-05
809,2.37009e-05,-2.86626e-05,2.76281e-06,3.72949e-05
810,2.06173e-05,-2.29022e-05,1.94254e-06,3.08764e-05
811,2.38628e-05,-2.93855e-05,9.25605e-07,3.78655e-05
812,1.50457e-05,-2.21427e-05,7.41418e-07,2.6781e-05
813,1.49289e-05,-2.13857e-05,2.19394e-06,2.61731e-05
814,2.06751e-05,-2.32774e-05,8.79301e-15,3.11336e-05
815,2.38628e-05,-2.93855e-05,-9.25605e-07,3.78655e-05
816,1.50457e-05,-2.21427e-05,-7.41418e-07,2.6781e-05
817,2.06173e-05,-2.29022e-05,-1.94254e-06,3.08764e-05
818,2.37009e-05,-2.86626e-05,-2.76281e-06,3.72949e-05
819,1.49289e-05,-2.13857e-05,-2.19394e-06,2.61731e-05
820,1.71765e-05,-1.68335e-05,3.04563e-06,2.4242e-05
821,1.38032e-05,-1.23914e-05,2.18026e-06,1.8677e-05
822,1.72782e-05,-1.76118e-05,1.03928e-06,2.46939e-05
823,9.90798e-06,-1.16581e-05,8.32479e-07,1.53223e-05
824,9.92547e-06,-1.08725e-05,2.41369e-06,1.49181e-05
825,1.37215e-05,-1.27752e-05,5.44533e-15,1.8748e-05
826,1.72782e-05,-1.76118e-05,-1.03928e-06,2.46939e-05
827,9.90798e-06,-1.16581e-05,-8.32479e-07,1.53223e-05
828,1.38032e-05,-1.23914e-05,-2.18026e-06,1.8677e-05
829,1.71765e-05,-1.68335e-05,-3.04563e-06,2.4242e-05
830,9.92547e-06,-1.08725e-05,-2.41369e-06,1.49181e-05
831,1.04281e-05,-7.66989e-06,3.33961e-06,1.33688e-05
832,6.73789e-06,-4.73433e-06,2.00544e-06,8.47555e-06
833,1.01741e-05,-8.43145e-06,1.09759e-06,1.32592e-05
834,4.58143e-06,-4.02811e-06,8.20631e-07,6.15537e-06
835,4.98174e-06,-3.37158e-06,2.32979e-06,6.45083e-06
836,6.5283e-06,-5.00592e-06,2.17845e-14,8.22666e-06
837,1.01741e-05,-8.43145e-06,-1.09759e-06,1.32592e-05
838,4.58143e-06,-4.02811e-06,-8.20631e-07,6.15537e-06
839,6.73789e-06,-4.73433e-06,-2.00544e-06,8.47555e-06
840,1.04281e-05,-7.66989e-06,-3.33961e-06,1.33688e-05
841,4.98174e-06,-3.37158e-06,-2.32979e-06,6.45083e-06
842,3.49264e-06,-1.3085e-06,2.42619e-06,4.44939e-06
843,3.89453e-33,3.03888e-34,3.1495e-34,0
844,2.89726e-06,-1.76767e-06,5.46901e-07,3.43771e-06
845,2.89118e-33,-3.53305e-34,8.8414e-34,0
846,0,0,0,0
847,3.93149e-33,2.77423e-34,-5.09148e-41,0
848,2.89726e-06,-1.76767e-06,-5.46901e-07,3.43771e-06
849,2.51272e-33,-3.3243e-34,4.46745e-34,0
850,3.89453e-33,3.03888e-34,-3.1495e-34,0
851,3.49264e-06,-1.3085e-06,-2.42619e-06,4.44939e-06
852,-0,-0,-0,0
853,8.33195e-05,-0.000169644,1.95266e-06,0.000189011
854,8.12347e-05,-0.000157732,1.31638e-06,0.000177427
855,8.34282e-05,-0.000170119,6.69349e-07,0.000189476
856,8.55188e-05,-0.000182438,1.36465e-06,0.000201492
857,6.99574e-05,-0.000181988,4.90401e-07,0.000194972
858,6.98518e-05,-0.000181402,1.47342e-06,0.000194391
859,6.66409e-05,-0.000157209,5.30774e-07,0.000170751
860,6.65254e-05,-0.00015679,1.58872e-06,0.000170327
861,8.13093e-05,-0.000157946,2.13977e-13,0.000177646
862,8.34282e-05,-0.000170119,-6.69334e-07,0.000189476
863,8.56408e-05,-0.000182743,3.01488e-11,0.000201815
864,6.99574e-05,-0.000181988,-4.90398e-07,0.000194972
865,6.66409e-05,-0.000157209,-5.30774e-07,0.000170751
866,8.12347e-05,-0.000157732,-1.31638e-06,0.000177427
867,8.33196e-05,-0.000169644,-1.95267e-06,0.000189011
868,8.55188e-05,-0.000182438,-1.36465e-06,0.000201492
869,6.98518e-05,-0.000181402,-1.47342e-06,0.000194391
870,6.65254e-05,-0.00015679,-1.58871e-06,0.000170327
871,7.89512e-05,-0.000145564,2.02546e-06,0.000165609
872,7.67196e-05,-0.000134126,1.42845e-06,0.000154524
873,7.90833e-05,-0.000145946,6.84449e-07,0.000165996
874,6.29337e-05,-0.000133483,5.94822e-07,0.000147577
875,6.27864e-05,-0.000133092,1.78407e-06,0.000147169
876,7.67874e-05,-0.000134323,5.95898e-13,0.000154722
877,7.90833e-05,-0.000145946,-6.84449e-07,0.000165996
878,6.29337e-05,-0.000133483,-5.94821e-07,0.000147577
879,7.67196e-05,-0.000134126,-1.42845e-06,0.000154524
880,7.89512e-05,-0.000145564,-2.02546e-06,0.000165609
881,6.27864e-05,-0.000133092,-1.78407e-06,0.000147169
882,7.41281e-05,-0.000122494,2.27866e-06,0.000143196
883,7.15766e-05,-0.000111672,1.6292e-06,0.000132652
884,7.4289e-05,-0.000122892,7.63094e-07,0.000143604
885,5.86368e-05,-0.000110907,6.81608e-07,0.000125456
886,5.84639e-05,-0.000110476,2.04597e-06,0.000125009
887,7.16496e-05,-0.000111887,4.0329e-13,0.000132862
888,7.4289e-05,-0.000122892,-7.63094e-07,0.000143604
889,5.86368e-05,-0.000110907,-6.81608e-07,0.000125456
890,7.15766e-05,-0.000111672,-1.6292e-06,0.000132652
891,7.41281e-05,-0.000122494,-2.27866e-06,0.000143196
892,5.84639e-05,-0.000110476,-2.04597e-06,0.000125009
893,6.85834e-05,-0.000100671,2.6183e-06,0.000121841
894,6.5633e-05,-9.06287e-05,1.86706e-06,0.000111914
895,6.87633e-05,-0.000101128,8.73377e-07,0.000122295
896,5.36704e-05,-8.97439e-05,7.79983e-07,0.000104571
897,5.34845e-05,-8.9251e-05,2.34105e-06,0.000104076
898,6.5712e-05,-9.08748e-05,1.54462e-13,0.000112144
899,6.87633e-05,-0.000101128,-8.73377e-07,0.000122295
900,5.36704e-05,-8.97439e-05,-7.79983e-07,0.000104571
901,6.5633e-05,-9.06287e-05,-1.86706e-06,0.000111914
902,6.85834e-05,-0.000100671,-2.6183e-06,0.000121841
903,5.34845e-05,-8.9251e-05,-2.34105e-06,0.000104076
904,6.22157e-05,-8.03971e-05,2.98621e-06,0.000101703
905,5.88448e-05,-7.12789e-05,2.11469e-06,9.24547e-05
906,6.24039e-05,-8.09225e-05,9.95132e-07,0.000102194
907,4.80037e-05,-7.02757e-05,8.82325e-07,8.51105e-05
908,4.78128e-05,-6.97155e-05,2.64765e-06,8.45773e-05
909,5.89274e-05,-7.15588e-05,1.44685e-13,9.2699e-05
910,6.24039e-05,-8.09225e-05,-9.95132e-07,0.000102194
911,4.80037e-05,-7.02757e-05,-8.82326e-07,8.51105e-05
912,5.88448e-05,-7.12789e-05,-2.11469e-06,9.24547e-05
913,6.22157e-05,-8.03971e-05,-2.98621e-06,0.000101703
914,4.78128e-05,-6.97155e-05,-2.64765e-06,8.45773e-05
915,5.50016e-05,-6.19505e-05,3.35859e-06,8.29115e-05
916,5.12077e-05,-5.38831e-05,2.36204e-06,7.4372e-05
917,5.51936e-05,-6.25436e-05,1.119e-06,8.34224e-05
918,4.16337e-05,-5.27613e-05,9.85985e-07,6.72167e-05
919,4.14401e-05,-5.21352e-05,2.95703e-06,6.66642e-05
920,5.12928e-05,-5.41953e-05,8.01739e-14,7.46196e-05
921,5.51936e-05,-6.25436e-05,-1.119e-06,8.34224e-05
922,4.16337e-05,-5.27613e-05,-9.85985e-07,6.72167e-05
923,5.12077e-05,-5.38831e-05,-2.36204e-06,7.4372e-05
924,5.50016e-05,-6.19505e-05,-3.35859e-06,8.29115e-05
925,4.14401e-05,-5.21352e-05,-2.95703e-06,6.66642e-05
926,4.69434e-05,-4.55808e-05,3.72933e-06,6.55378e-05
927,4.2737e-05,-3.86728e-05,2.61384e-06,5.76964e-05
928,4.71369e-05,-4.62367e-05,1.24332e-06,6.60399e-05
929,3.4559e-05,-3.74406e-05,1.09325e-06,5.09639e-05
930,3.43659e-05,-3.67519e-05,3.27012e-06,5.04223e-05
931,4.28224e-05,-3.90177e-05,5.62142e-14,5.79322e-05
932,4.71369e-05,-4.62367e-05,-1.24332e-06,6.60399e-05
933,3.4559e-05,-3.74406e-05,-1.09325e-06,5.09639e-05
934,4.2737e-05,-3.86728e-05,-2.61384e-06,5.76964e-05
935,4.69434e-05,-4.55808e-05,-3.72933e-06,6.55378e-05
936,3.43659e-05,-3.67519e-05,-3.27012e-06,5.04223e-05
937,3.80675e-05,-3.15102e-05,4.10611e-06,4.95872e-05
938,3.34543e-05,-2.5869e-05,2.8746e-06,4.2387e-05
939,3.82607e-05,-3.22308e-05,1.3755e-06,5.00459e-05
940,2.67842e-05,-2.45082e-05,1.21745e-06,3.63253e-05
941,2.66065e-05,-2.37576e-05,3.6065e-06,3.58516e-05
942,3.35082e-05,-2.62476e-05,3.69694e-14,4.25645e-05
943,3.82607e-05,-3.22308e-05,-1.3755e-06,5.00459e-05
944,2.67842e-05,-2.45082e-05,-1.21745e-06,3.63253e-05
945,3.34543e-05,-2.5869e-05,-2.8746e-06,4.2387e-05
946,3.80675e-05,-3.15102e-05,-4.10611e-06,4.95872e-05
947,2.66065e-05,-2.37576e-05,-3.6065e-06,3.58516e-05
948,2.84132e-05,-1.99093e-05,4.50131e-06,3.4985e-05
949,2.3427e-05,-1.55267e-05,3.18093e-06,2.82846e-05
950,2.85133e-05,-2.06845e-05,1.52665e-06,3.52588e-05
951,1.82271e-05,-1.41709e-05,1.34195e-06,2.31266e-05
952,1.82428e-05,-1.33628e-05,3.90556e-06,2.29482e-05
953,2.33345e-05,-1.59774e-05,1.34064e-14,2.82803e-05
954,2.85133e-05,-2.06845e-05,-1.52665e-06,3.52588e-05
955,1.82271e-05,-1.41709e-05,-1.34195e-06,2.31266e-05
956,2.3427e-05,-1.55267e-05,-3.18093e-06,2.82846e-05
957,2.84132e-05,-1.99093e-05,-4.50131e-06,3.4985e-05
958,1.82428e-05,-1.33628e-05,-3.90556e-06,2.29482e-05
959,1.83827e-05,-1.08727e-05,4.81819e-06,2.18942e-05
960,1.26341e-05,-7.69104e-06,2.88128e-06,1.5069e-05
961,1.80978e-05,-1.18232e-05,1.59099e-06,2.1676e-05
962,8.82345e-06,-5.99096e-06,1.33186e-06,1.0748e-05
963,9.45316e-06,-5.22631e-06,3.73218e-06,1.14283e-05
964,1.23895e-05,-8.2016e-06,4.58816e-14,1.48582e-05
965,1.80978e-05,-1.18232e-05,-1.59099e-06,2.1676e-05
966,8.82345e-06,-5.99096e-06,-1.33186e-06,1.0748e-05
967,1.26341e-05,-7.69104e-06,-2.88128e-06,1.5069e-05
968,1.83827e-05,-1.08727e-05,-4.81819e-06,2.18942e-05
969,9.45316e-06,-5.22631e-06,-3.73218e-06,1.14283e-05
970,6.82992e-06,-4.05802e-06,3.87906e-06,8.84095e-06
971,0,-0,0,0
972,6.13505e-06,-4.6373e-06,8.12824e-07,7.73331e-06
973,5.23729e-33,-3.47302e-34,1.63485e-33,0
974,0,-0,0,0
975,0,-0,-0,0
976,6.13505e-06,-4.6373e-06,-8.12824e-07,7.73331e-06
977,4.58005e-33,-3.4552e-34,8.4279e-34,0
978,-0,-0,-0,0
979,6.82992e-06,-4.05802e-06,-3.87906e-06,8.84095e-06
980,-0,-0,-0,0
981,-2.52951e-05,-0.000183004,6.32775e-08,0.000184744
982,-2.53594e-05,-0.000169919,-6.37349e-08,0.000171801
983,-2.50055e-05,-0.000156941,-2.59474e-07,0.000158921
984,-2.5081e-05,-0.000169622,-2.06802e-07,0.000171467
985,-1.24126e-05,-0.000183016,7.13908e-08,0.000183437
986,-1.21552e-05,-0.000182936,1.95857e-07,0.00018334
987,-1.22928e-05,-0.000157002,-3.89957e-08,0.000157483
988,-1.21598e-05,-0.000156737,-1.21212e-07,0.000157208
989,-2.547e-05,-0.000183133,1.66395e-11,0.000184896
990,-2.53595e-05,-0.000169919,6.37381e-08,0.000171801
991,-2.51044e-05,-0.000157109,-2.69771e-12,0.000159102
992,-1.24126e-05,-0.000183016,-7.13842e-08,0.000183437
993,-1.22929e-05,-0.000157002,3.89943e-08,0.000157483
994,-2.52952e-05,-0.000183004,-6.32944e-08,0.000184744
995,-2.5081e-05,-0.000169622,2.06792e-07,0.000171467
996,-2.50055e-05,-0.000156941,2.59474e-07,0.000158921
997,-1.21552e-05,-0.000182936,-1.95876e-07,0.00018334
998,-1.21598e-05,-0.000156737,1.21215e-07,0.000157208
999,-2.46385e-05,-0.000144557,-1.76572e-07,0.000146642
1000,-2.39937e-05,-0.000132258,-4.24037e-07,0.000134418
1001,-2.44858e-05,-0.000144191,-5.32721e-07,0.000146256
1002,-1.18315e-05,-0.000132269,-9.34594e-08,0.000132797
1003,-1.17528e-05,-0.0001319,-2.81762e-07,0.000132423
1004,-2.46385e-05,-0.000144557,1.7657e-07,0.000146642
1005,-2.40553e-05,-0.000132456,3.97462e-13,0.000134623
1006,-1.18315e-05,-0.000132269,9.34582e-08,0.000132797
1007,-2.44858e-05,-0.000144191,5.32721e-07,0.000146256
1008,-2.39937e-05,-0.000132258,4.24036e-07,0.000134418
1009,-1.17528e-05,-0.0001319,2.81762e-07,0.000132423
1010,-2.33283e-05,-0.000120626,-2.41426e-07,0.000122861
1011,-2.24687e-05,-0.000109063,-5.33672e-07,0.000111354
1012,-2.32235e-05,-0.000120202,-7.25091e-07,0.000122427
1013,-1.11087e-05,-0.000109022,-1.2754e-07,0.000109586
1014,-1.10525e-05,-0.00010858,-3.82946e-07,0.000109141
1015,-2.33283e-05,-0.000120626,2.41426e-07,0.000122861
1016,-2.25158e-05,-0.000109289,-3.67054e-13,0.000111584
1017,-1.11087e-05,-0.000109022,1.2754e-07,0.000109586
1018,-2.32235e-05,-0.000120202,7.2509e-07,0.000122427
1019,-2.24687e-05,-0.000109063,5.33672e-07,0.000111354
1020,-1.10525e-05,-0.00010858,3.82945e-07,0.000109141
1021,-2.15889e-05,-9.82396e-05,-2.90216e-07,0.000100584
1022,-2.0553e-05,-8.74807e-05,-6.2471e-07,8.98648e-05
1023,-2.1501e-05,-9.77591e-05,-8.71086e-07,0.000100099
1024,-1.0182e-05,-8.74031e-05,-1.53639e-07,8.79943e-05
1025,-1.01351e-05,-8.68967e-05,-4.61096e-07,8.74869e-05
1026,-2.15889e-05,-9.82396e-05,2.90215e-07,0.000100584
1027,-2.05952e-05,-8.77358e-05,-8.26467e-14,9.01207e-05
1028,-1.0182e-05,-8.74031e-05,1.53639e-07,8.79943e-05
1029,-2.1501e-05,-9.77591e-05,8.71086e-07,0.000100099
1030,-2.0553e-05,-8.74807e-05,6.2471e-07,8.98648e-05
1031,-1.01351e-05,-8.68967e-05,4.61095e-07,8.74869e-05
1032,-1.95015e-05,-7.75499e-05,-3.33773e-07,7.99651e-05
1033,-1.83092e-05,-6.76852e-05,-7.09806e-07,7.01215e-05
1034,-1.9419e-05,-7.70095e-05,-1.00159e-06,7.94265e-05
1035,-9.08096e-06,-6.75809e-05,-1.76571e-07,6.81885e-05
1036,-9.03772e-06,-6.70105e-05,-5.2976e-07,6.76193e-05
1037,-1.95015e-05,-7.75499e-05,3.33773e-07,7.99651e-05
1038,-1.83501e-05,-6.7971e-05,-8.91059e-14,7.04044e-05
1039,-9.08096e-06,-6.75809e-05,1.76571e-07,6.81885e-05
1040,-1.9419e-05,-7.70095e-05,1.00159e-06,7.94265e-05
1041,-1.83092e-05,-6.76852e-05,7.09806e-07,7.01215e-05
1042,-9.03772e-06,-6.70105e-05,5.2976e-07,6.76193e-05
1043,-1.7104e-05,-5.87462e-05,-3.75857e-07,6.11866e-05
1044,-1.57619e-05,-4.98787e-05,-7.94035e-07,5.23159e-05
1045,-1.7022e-05,-5.81432e-05,-1.12778e-06,6.05941e-05
1046,-7.81986e-06,-4.97519e-05,-1.9853e-07,5.03631e-05
1047,-7.77719e-06,-4.9116e-05,-5.95299e-07,4.97315e-05
1048,-1.7104e-05,-5.87462e-05,3.75857e-07,6.11866e-05
1049,-1.58032e-05,-5.01966e-05,-4.58714e-14,5.26255e-05
1050,-7.81986e-06,-4.97519e-05,1.9853e-07,5.03631e-05
1051,-1.7022e-05,-5.81432e-05,1.12778e-06,6.05941e-05
1052,-1.57619e-05,-4.98787e-05,7.94034e-07,5.23159e-05
1053,-7.77719e-06,-4.9116e-05,5.95299e-07,4.97315e-05
1054,-1.44068e-05,-4.20384e-05,-4.18932e-07,4.44405e-05
1055,-1.29172e-05,-3.4277e-05,-8.83818e-07,3.66408e-05
1056,-1.43225e-05,-4.13702e-05,-1.25554e-06,4.37973e-05
1057,-6.40535e-06,-3.41368e-05,-2.21838e-07,3.47333e-05
1058,-6.36191e-06,-3.34322e-05,-6.62428e-07,3.40386e-05
1059,-1.44068e-05,-4.20384e-05,4.18932e-07,4.44405e-05
1060,-1.29585e-05,-3.46274e-05,-2.96408e-14,3.69727e-05
1061,-6.40535e-06,-3.41368e-05,2.21838e-07,3.47333e-05
1062,-1.43225e-05,-4.13702e-05,1.25554e-06,4.37973e-05
1063,-1.29172e-05,-3.4277e-05,8.83818e-07,3.66408e-05
1064,-6.36191e-06,-3.34322e-05,6.62428e-07,3.40386e-05
1065,-1.1424e-05,-2.76526e-05,-4.68333e-07,2.99232e-05
1066,-9.80213e-06,-2.11207e-05,-9.8563e-07,2.33053e-05
1067,-1.13372e-05,-2.69169e-05,-1.39513e-06,2.92404e-05
1068,-4.8424e-06,-2.09754e-05,-2.50365e-07,2.15285e-05
1069,-4.80148e-06,-2.02022e-05,-7.40009e-07,2.07782e-05
1070,-1.1424e-05,-2.76526e-05,4.68333e-07,2.99232e-05
1071,-9.83124e-06,-2.1502e-05,-1.76065e-14,2.3643e-05
1072,-4.8424e-06,-2.09754e-05,2.50365e-07,2.15285e-05
1073,-1.13372e-05,-2.69169e-05,1.39513e-06,2.92404e-05
1074,-9.80213e-06,-2.11207e-05,9.8563e-07,2.33053e-05
1075,-4.80148e-06,-2.02022e-05,7.40009e-07,2.07782e-05
1076,-8.13656e-06,-1.5823e-05,-5.29271e-07,1.78003e-05
1077,-6.44017e-06,-1.06614e-05,-1.11442e-06,1.25054e-05
1078,-8.08078e-06,-1.50274e-05,-1.55041e-06,1.71326e-05
1079,-3.14899e-06,-1.05642e-05,-2.81242e-07,1.10272e-05
1080,-3.15642e-06,-9.75897e-06,-8.10783e-07,1.02887e-05
1081,-8.13656e-06,-1.5823e-05,5.29271e-07,1.78003e-05
1082,-6.40077e-06,-1.10399e-05,-9.78256e-15,1.27613e-05
1083,-3.14899e-06,-1.05642e-05,2.81242e-07,1.10272e-05
1084,-8.08078e-06,-1.50274e-05,1.55041e-06,1.71326e-05
1085,-6.44017e-06,-1.06614e-05,1.11442e-06,1.25054e-05
1086,-3.15642e-06,-9.75897e-06,8.10783e-07,1.02887e-05
1087,-4.67103e-06,-6.84845e-06,-5.59417e-07,8.30859e-06
1088,-3.01952e-06,-3.34704e-06,-1.00616e-06,4.61872e-06
1089,-4.81367e-06,-6.07983e-06,-1.68838e-06,7.9364e-06
1090,-1.45567e-06,-3.31937e-06,-2.75088e-07,3.63495e-06
1091,-1.5931e-06,-2.65142e-06,-7.6584e-07,3.18661e-06
1092,-4.67103e-06,-6.84845e-06,5.59417e-07,8.30859e-06
1093,-2.90669e-06,-3.59683e-06,-1.52641e-14,4.6245e-06
1094,-1.45567e-06,-3.31937e-06,2.75089e-07,3.63495e-06
1095,-4.81367e-06,-6.07983e-06,1.68838e-06,7.9364e-06
1096,-3.01952e-06,-3.34704e-06,1.00616e-06,4.61872e-06
1097,-1.5931e-06,-2.65142e-06,7.6584e-07,3.18661e-06
1098,-1.35302e-06,-1.24647e-06,-2.73471e-07,1.85988e-06
1099,-2.03213e-33,2.59697e-34,-1.80482e-34,0
1100,-1.64791e-06,-8.04753e-07,-1.2282e-06,2.20719e-06
1101,-9.1358e-34,-2.19165e-34,-2.84146e-34,0
1102,0,-0,0,0
1103,-1.35302e-06,-1.24647e-06,2.73472e-07,1.85988e-06
1104,-2.00895e-33,1.90741e-34,9.91279e-42,0
1105,-7.85154e-34,-2.07724e-34,-1.33266e-34,0
1106,-1.64791e-06,-8.04753e-07,1.2282e-06,2.20719e-06
1107,-2.03212e-33,2.59697e-34,1.80482e-34,0
1108,-0,-0,-0,0
1109,-5.44197e-05,-0.000183082,-5.17179e-07,0.000190999
1110,-5.36365e-05,-0.000170145,-3.30615e-07,0.000178399
1111,-5.24342e-05,-0.000157248,-7.73171e-07,0.000165762
1112,-5.33819e-05,-0.000169614,-9.99526e-07,0.000177818
1113,-3.94932e-05,-0.000183159,-8.04012e-08,0.000187368
1114,-3.90942e-05,-0.000182707,-2.64459e-07,0.000186843
1115,-3.84733e-05,-0.00015717,-2.46064e-07,0.000161811
1116,-3.82536e-05,-0.000156757,-7.45107e-07,0.000161359
1117,-5.45827e-05,-0.000183383,-5.61991e-11,0.000191333
1118,-5.36365e-05,-0.000170145,3.30621e-07,0.000178399
1119,-5.25366e-05,-0.00015749,1.00681e-11,0.000166021
1120,-3.94931e-05,-0.000183159,8.03904e-08,0.000187368
1121,-3.84733e-05,-0.00015717,2.46067e-07,0.000161811
1122,-5.44198e-05,-0.000183082,5.17254e-07,0.000190999
1123,-5.3382e-05,-0.000169614,9.99533e-07,0.000177818
1124,-5.24342e-05,-0.000157248,7.73156e-07,0.000165762
1125,-3.90942e-05,-0.000182707,2.64493e-07,0.000186843
1126,-3.82536e-05,-0.000156757,7.45096e-07,0.000161359
1127,-5.11989e-05,-0.000145076,-4.33662e-07,0.000153846
1128,-4.96549e-05,-0.000132909,-9.4955e-07,0.000141885
1129,-5.10253e-05,-0.000144621,-1.30197e-06,0.000153364
1130,-3.66492e-05,-0.000132658,-3.39489e-07,0.000137628
1131,-3.65006e-05,-0.000132234,-1.02089e-06,0.000137183
1132,-5.11989e-05,-0.000145076,4.33662e-07,0.000153846
1133,-4.97338e-05,-0.000133135,-1.24085e-12,0.000142121
1134,-3.66492e-05,-0.000132658,3.39489e-07,0.000137628
1135,-5.10253e-05,-0.000144621,1.30197e-06,0.000153364
1136,-4.96549e-05,-0.000132909,9.49553e-07,0.000141885
1137,-3.65006e-05,-0.000132234,1.02089e-06,0.000137183
1138,-4.80794e-05,-0.000121436,-5.14594e-07,0.000130608
1139,-4.62379e-05,-0.000109985,-1.10707e-06,0.000119314
1140,-4.79281e-05,-0.000120983,-1.54504e-06,0.000130139
1141,-3.42026e-05,-0.000109604,-4.09022e-07,0.000114817
1142,-3.40772e-05,-0.000109143,-1.22845e-06,0.000114345
1143,-4.80794e-05,-0.000121436,5.14595e-07,0.000130608
1144,-4.63118e-05,-0.00011022,4.73786e-13,0.000119554
1145,-3.42026e-05,-0.000109604,4.09022e-07,0.000114817
1146,-4.79281e-05,-0.000120983,1.54504e-06,0.000130139
1147,-4.62379e-05,-0.000109985,1.10707e-06,0.000119314
1148,-3.40772e-05,-0.000109143,1.22845e-06,0.000114345
1149,-4.4362e-05,-9.92777e-05,-5.9272e-07,0.00010874
1150,-4.22333e-05,-8.86135e-05,-1.2643e-06,9.81713e-05
1151,-4.42132e-05,-9.87883e-05,-1.77918e-06,0.000108246
1152,-3.12529e-05,-8.8137e-05,-4.71915e-07,9.35152e-05
1153,-3.11335e-05,-8.76239e-05,-1.41652e-06,9.30013e-05
1154,-4.4362e-05,-9.92777e-05,5.9272e-07,0.00010874
1155,-4.23075e-05,-8.88715e-05,5.92571e-14,9.8428e-05
1156,-3.12529e-05,-8.8137e-05,4.71915e-07,9.35152e-05
1157,-4.42132e-05,-9.87883e-05,1.77918e-06,0.000108246
1158,-4.22333e-05,-8.86135e-05,1.2643e-06,9.81713e-05
1159,-3.11335e-05,-8.76239e-05,1.41652e-06,9.30013e-05
1160,-4.00755e-05,-7.87767e-05,-6.71766e-07,8.83871e-05
1161,-3.76666e-05,-6.89984e-05,-1.42367e-06,7.86231e-05
1162,-3.99247e-05,-7.82345e-05,-2.016e-06,8.7856e-05
1163,-2.78506e-05,-6.84431e-05,-5.33341e-07,7.38945e-05
1164,-2.77316e-05,-6.78713e-05,-1.60044e-06,7.33356e-05
1165,-4.00755e-05,-7.87767e-05,6.71767e-07,8.83871e-05
1166,-3.77423e-05,-6.92845e-05,5.78815e-14,7.88975e-05
1167,-2.78506e-05,-6.84431e-05,5.33341e-07,7.38945e-05
1168,-3.99247e-05,-7.82345e-05,2.016e-06,8.7856e-05
1169,-3.76666e-05,-6.89984e-05,1.42367e-06,7.86231e-05
1170,-2.77316e-05,-6.78713e-05,1.60044e-06,7.33356e-05
1171,-3.52316e-05,-6.01441e-05,-7.51995e-07,6.97076e-05
1172,-3.25422e-05,-5.13599e-05,-1.58549e-06,6.08222e-05
1173,-3.50777e-05,-5.95426e-05,-2.25666e-06,6.91438e-05
1174,-2.40148e-05,-5.07316e-05,-5.95415e-07,5.61317e-05
1175,-2.38932e-05,-5.00979e-05,-1.78546e-06,5.55327e-05
1176,-3.52316e-05,-6.01441e-05,7.51995e-07,6.97076e-05
1177,-3.262e-05,-5.16761e-05,2.82788e-14,6.11105e-05
1178,-2.40148e-05,-5.07316e-05,5.95416e-07,5.61317e-05
1179,-3.50777e-05,-5.95426e-05,2.25666e-06,6.91438e-05
1180,-3.25422e-05,-5.13598e-05,1.58549e-06,6.08222e-05
1181,-2.38932e-05,-5.00979e-05,1.78546e-06,5.55327e-05
1182,-2.98271e-05,-4.35986e-05,-8.34805e-07,5.28317e-05
1183,-2.68569e-05,-3.5915e-05,-1.75665e-06,4.48806e-05
1184,-2.96691e-05,-4.29359e-05,-2.50226e-06,5.22495e-05
1185,-1.97472e-05,-3.52223e-05,-6.61945e-07,4.03857e-05
1186,-1.9623e-05,-3.45246e-05,-1.97918e-06,3.97608e-05
1187,-2.98271e-05,-4.35986e-05,8.34805e-07,5.28317e-05
1188,-2.69345e-05,-3.62617e-05,1.63373e-14,4.51706e-05
1189,-1.97472e-05,-3.52223e-05,6.61945e-07,4.03857e-05
1190,-2.96691e-05,-4.29359e-05,2.50226e-06,5.22495e-05
1191,-2.68569e-05,-3.5915e-05,1.75665e-06,4.48806e-05
1192,-1.9623e-05,-3.45246e-05,1.97918e-06,3.97608e-05
1193,-2.38671e-05,-2.93584e-05,-9.26895e-07,3.78473e-05
1194,-2.06204e-05,-2.28815e-05,-1.9444e-06,3.08633e-05
1195,-2.37068e-05,-2.86346e-05,-2.76679e-06,3.72774e-05
1196,-1.50451e-05,-2.21246e-05,-7.42241e-07,2.67657e-05
1197,-1.49291e-05,-2.1367e-05,-2.19648e-06,2.61582e-05
1198,-2.38671e-05,-2.93584e-05,9.26896e-07,3.78473e-05
1199,-2.06776e-05,-2.32571e-05,8.35499e-15,3.112e-05
1200,-1.50451e-05,-2.21246e-05,7.42241e-07,2.67657e-05
1201,-2.37068e-05,-2.86346e-05,2.76679e-06,3.72774e-05
1202,-2.06204e-05,-2.28815e-05,1.9444e-06,3.08633e-05
1203,-1.49291e-05,-2.1367e-05,2.19648e-06,2.61582e-05
1204,-1.72798e-05,-1.75969e-05,-1.03992e-06,2.46845e-05
1205,-1.38045e-05,-1.2381e-05,-2.18109e-06,1.86711e-05
1206,-1.71791e-05,-1.68185e-05,-3.04761e-06,2.42337e-05
1207,-9.90825e-06,-1.16489e-05,-8.32936e-07,1.53155e-05
1208,-9.92637e-06,-1.08632e-05,-2.41511e-06,1.49123e-05
1209,-1.72798e-05,-1.75969e-05,1.03992e-06,2.46845e-05
1210,-1.37224e-05,-1.27649e-05,4.67574e-15,1.87416e-05
1211,-9.90825e-06,-1.16489e-05,8.32936e-07,1.53155e-05
1212,-1.71791e-05,-1.68185e-05,3.04761e-06,2.42337e-05
1213,-1.38045e-05,-1.2381e-05,2.18109e-06,1.86711e-05
1214,-9.92637e-06,-1.08632e-05,2.41511e-06,1.49123e-05
1215,-1.01745e-05,-8.42473e-06,-1.09782e-06,1.32553e-05
1216,-6.73824e-06,-4.73051e-06,-2.00565e-06,8.47374e-06
1217,-1.04292e-05,-7.66339e-06,-3.34036e-06,1.33661e-05
1218,-4.58182e-06,-4.02459e-06,-8.20828e-07,6.15339e-06
1219,-4.98251e-06,-3.3682e-06,-2.33042e-06,6.44989e-06
1220,-1.01745e-05,-8.42473e-06,1.09782e-06,1.32553e-05
1221,-6.52846e-06,-5.00202e-06,-1.73607e-14,8.22441e-06
1222,-4.58182e-06,-4.02459e-06,8.20828e-07,6.15339e-06
1223,-1.04292e-05,-7.66339e-06,3.34036e-06,1.33661e-05
1224,-6.73824e-06,-4.73051e-06,2.00565e-06,8.47374e-06
1225,-4.98251e-06,-3.3682e-06,2.33042e-06,6.44989e-06
1226,-2.89735e-06,-1.76609e-06,-5.46922e-07,3.43698e-06
1227,-3.89484e-33,3.04351e-34,-3.14885e-34,0
1228,-3.4929e-06,-1.30709e-06,-2.42637e-06,4.44928e-06
1229,-2.89147e-33,-3.52721e-34,-8.84244e-34,0
1230,0,-0,0,0
1231,-2.89735e-06,-1.76609e-06,5.46922e-07,3.43698e-06
1232,-3.93172e-33,2.77889e-34,5.27197e-41,0
1233,-2.51301e-33,-3.31849e-34,-4.46795e-34,0
1234,-3.4929e-06,-1.30709e-06,2.42637e-06,4.44928e-06
1235,-3.89484e-33,3.04351e-34,3.14885e-34,0
1236,0,0,-0,0
1237,-8.67015e-05,-0.000184136,-1.41091e-06,0.000203532
1238,-8.45111e-05,-0.000171311,-7.05519e-07,0.000191023
1239,-8.21188e-05,-0.00015847,-1.40659e-06,0.000178489
1240,-8.43343e-05,-0.000170715,-2.07287e-06,0.000190421
1241,-7.05357e-05,-0.000183696,-4.7302e-07,0.000196773
1242,-7.03329e-05,-0.000182999,-1.41696e-06,0.000196055
1243,-6.71385e-05,-0.000157932,-5.44161e-07,0.000171612
1244,-6.69813e-05,-0.000157422,-1.62533e-06,0.000171088
1245,-8.68756e-05,-0.000184496,2.97921e-11,0.000203927
1246,-8.4511e-05,-0.000171311,7.05537e-07,0.000191023
1247,-8.22243e-05,-0.000158732,-5.13165e-13,0.000178765
1248,-7.05358e-05,-0.000183696,4.73026e-07,0.000196773
1249,-6.71385e-05,-0.000157932,5.44163e-07,0.000171612
1250,-8.67014e-05,-0.000184136,1.4109e-06,0.000203532
1251,-8.43343e-05,-0.000170715,2.07286e-06,0.000190421
1252,-8.21188e-05,-0.00015847,1.40659e-06,0.000178489
1253,-7.03329e-05,-0.000182999,1.41695e-06,0.000196055
1254,-6.69813e-05,-0.000157422,1.62533e-06,0.000171088
1255,-7.98211e-05,-0.000146422,-7.29371e-07,0.000166767
1256,-7.72854e-05,-0.000134372,-1.51195e-06,0.00015502
1257,-7.96645e-05,-0.000145954,-2.16084e-06,0.000166294
1258,-6.3287e-05,-0.000133712,-6.15417e-07,0.000147935
1259,-6.31295e-05,-0.000133257,-1.8425e-06,0.000147466
1260,-7.98211e-05,-0.000146422,7.29371e-07,0.000166767
1261,-7.7367e-05,-0.000134601,7.38296e-13,0.000155252
1262,-6.3287e-05,-0.000133712,6.15419e-07,0.000147935
1263,-7.96645e-05,-0.000145954,2.16084e-06,0.000166294
1264,-7.72854e-05,-0.000134372,1.51195e-06,0.00015502
1265,-6.31295e-05,-0.000133257,1.8425e-06,0.000147466
1266,-7.47323e-05,-0.000123025,-7.99549e-07,0.000143947
1267,-7.19035e-05,-0.0001117,-1.6893e-06,0.000132853
1268,-7.45688e-05,-0.000122573,-2.38595e-06,0.000143493
1269,-5.88575e-05,-0.000110923,-6.99256e-07,0.000125573
1270,-5.86879e-05,-0.000110454,-2.09718e-06,0.000125095
1271,-7.47323e-05,-0.000123025,7.9955e-07,0.000143947
1272,-7.19805e-05,-0.000111936,3.20274e-13,0.000133082
1273,-5.88575e-05,-0.000110923,6.99256e-07,0.000125573
1274,-7.45688e-05,-0.000122573,2.38595e-06,0.000143493
1275,-7.19035e-05,-0.0001117,1.6893e-06,0.000132853
1276,-5.86879e-05,-0.000110454,2.09718e-06,0.000125095
1277,-6.90046e-05,-0.000101118,-8.97988e-07,0.000122423
1278,-6.58042e-05,-9.05819e-05,-1.90484e-06,0.000111977
1279,-6.88303e-05,-0.000100632,-2.68973e-06,0.000121949
1280,-5.37953e-05,-8.96882e-05,-7.92316e-07,0.000104587
1281,-5.36164e-05,-8.9174e-05,-2.3773e-06,0.000104079
1282,-6.90046e-05,-0.000101118,8.97988e-07,0.000122423
1283,-6.58829e-05,-9.08389e-05,2.05642e-13,0.000112215
1284,-5.37953e-05,-8.96882e-05,7.92316e-07,0.000104587
1285,-6.88303e-05,-0.000100632,2.68973e-06,0.000121949
1286,-6.58042e-05,-9.05819e-05,1.90484e-06,0.000111977
1287,-5.36164e-05,-8.9174e-05,2.3773e-06,0.000104079
1288,-6.25223e-05,-8.08705e-05,-1.00989e-06,0.000102226
1289,-5.89249e-05,-7.12196e-05,-2.1361e-06,9.24605e-05
1290,-6.23408e-05,-8.03303e-05,-3.02871e-06,0.000101728
1291,-4.80678e-05,-7.0211e-05,-8.89934e-07,8.50934e-05
1292,-4.78833e-05,-6.96403e-05,-2.67027e-06,8.4556e-05
1293,-6.25223e-05,-8.08705e-05,1.00989e-06,0.000102226
1294,-5.9006e-05,-7.15048e-05,1.53697e-13,9.27073e-05
1295,-4.80678e-05,-7.0211e-05,8.89934e-07,8.50934e-05
1296,-6.23408e-05,-8.03303e-05,3.02871e-06,0.000101728
1297,-5.89249e-05,-7.12196e-05,2.1361e-06,9.24605e-05
1298,-4.78833e-05,-6.96403e-05,2.67027e-06,8.4556e-05
1299,-5.52442e-05,-6.24909e-05,-1.12701e-06,8.34165e-05
1300,-5.12395e-05,-5.38344e-05,-2.37303e-06,7.4359e-05
1301,-5.50577e-05,-6.18913e-05,-3.3815e-06,8.29055e-05
1302,-4.16631e-05,-5.27096e-05,-9.90235e-07,6.71944e-05
1303,-4.14741e-05,-5.2079e-05,-2.9698e-06,6.66419e-05
1304,-5.52442e-05,-6.24909e-05,1.12701e-06,8.34165e-05
1305,-5.1323e-05,-5.41489e-05,9.54077e-14,7.46066e-05
1306,-4.16631e-05,-5.27096e-05,9.90235e-07,6.71944e-05
1307,-5.50577e-05,-6.18913e-05,3.3815e-06,8.29055e-05
1308,-5.12395e-05,-5.38344e-05,2.37303e-06,7.4359e-05
1309,-4.14741e-05,-5.2079e-05,2.9698e-06,6.66419e-05
1310,-4.71537e-05,-4.61968e-05,-1.24723e-06,6.6024e-05
1311,-4.27458e-05,-3.86395e-05,-2.61884e-06,5.76808e-05
1312,-4.6964e-05,-4.55386e-05,-3.74044e-06,6.55238e-05
1313,-3.45702e-05,-3.74058e-05,-1.09539e-06,5.0946e-05
1314,-3.43801e-05,-3.67155e-05,-3.27664e-06,5.04059e-05
1315,-4.71537e-05,-4.61968e-05,1.24723e-06,6.6024e-05
1316,-4.283e-05,-3.89852e-05,6.1954e-14,5.79159e-05
1317,-3.45702e-05,-3.74058e-05,1.09539e-06,5.0946e-05
1318,-4.6964e-05,-4.55386e-05,3.74044e-06,6.55238e-05
1319,-4.27458e-05,-3.86395e-05,2.61884e-06,5.76808e-05
1320,-3.43801e-05,-3.67155e-05,3.27664e-06,5.04059e-05
1321,-3.82627e-05,-3.22048e-05,-1.37716e-06,5.00308e-05
1322,-3.34537e-05,-2.5849e-05,-2.87646e-06,4.23744e-05
1323,-3.80719e-05,-3.14839e-05,-4.11077e-06,4.95742e-05
1324,-2.67871e-05,-2.44876e-05,-1.21839e-06,3.63135e-05
1325,-2.66111e-05,-2.37367e-05,-3.60941e-06,3.58415e-05
1326,-3.82627e-05,-3.22048e-05,1.37716e-06,5.00308e-05
1327,-3.35068e-05,-2.62277e-05,3.43797e-14,4.25511e-05
1328,-2.67871e-05,-2.44876e-05,1.21839e-06,3.63135e-05
1329,-3.80719e-05,-3.14839e-05,4.11077e-06,4.95742e-05
1330,-3.34537e-05,-2.5849e-05,2.87646e-06,4.23744e-05
1331,-2.66111e-05,-2.37367e-05,3.60941e-06,3.58415e-05
1332,-2.85102e-05,-2.06697e-05,-1.52716e-06,3.52477e-05
1333,-2.34237e-05,-1.55163e-05,-3.18126e-06,2.82763e-05
1334,-2.84114e-05,-1.98948e-05,-4.50272e-06,3.49755e-05
1335,-1.82269e-05,-1.41603e-05,-1.34224e-06,2.312e-05
1336,-1.82435e-05,-1.33525e-05,-3.90652e-06,2.29429e-05
1337,-2.85102e-05,-2.06697e-05,1.52716e-06,3.52477e-05
1338,-2.33308e-05,-1.59669e-05,2.77407e-14,2.82713e-05
1339,-1.82269e-05,-1.41603e-05,1.34224e-06,2.312e-05
1340,-2.84114e-05,-1.98948e-05,4.50272e-06,3.49755e-05
1341,-2.34237e-05,-1.55163e-05,3.18126e-06,2.82763e-05
1342,-1.82435e-05,-1.33525e-05,3.90652e-06,2.29429e-05
1343,-1.80942e-05,-1.18162e-05,-1.59096e-06,2.16692e-05
1344,-1.26313e-05,-7.68705e-06,-2.88095e-06,1.50646e-05
1345,-1.83798e-05,-1.08662e-05,-4.81804e-06,2.18884e-05
1346,-8.82282e-06,-5.9871e-06,-1.33182e-06,1.07453e-05
1347,-9.45289e-06,-5.22281e-06,-3.73216e-06,1.14265e-05
1348,-1.80942e-05,-1.18162e-05,1.59096e-06,2.16692e-05
1349,-1.23865e-05,-8.19742e-06,-2.81097e-14,1.48534e-05
1350,-8.82282e-06,-5.9871e-06,1.33182e-06,1.07453e-05
1351,-1.83798e-05,-1.08662e-05,4.81804e-06,2.18884e-05
1352,-1.26313e-05,-7.68705e-06,2.88095e-06,1.50646e-05
1353,-9.45289e-06,-5.22281e-06,3.73216e-06,1.14265e-05
1354,-6.13342e-06,-4.63547e-06,-8.12687e-07,7.73091e-06
1355,0,0,0,0
1356,-6.82842e-06,-4.05657e-06,-3.87833e-06,8.83881e-06
1357,-5.23661e-33,-3.4707e-34,-1.63463e-33,0
1358,0,0,0,0
1359,-6.13342e-06,-4.63547e-06,8.12687e-07,7.73091e-06
1360,0,0,-0,0
1361,-4.57952e-33,-3.45258e-34,-8.42673e-34,0
1362,-6.82842e-06,-4.05657e-06,3.87833e-06,8.83881e-06
1363,0,0,0,0
1364,0,0,0,0
1365,7.15415e-05,-0.000328466,-7.1589e-07,0.000336168
1366,6.74312e-05,-0.000351639,-5.21904e-07,0.000358046
1367,7.16519e-05,-0.000328042,-2.45485e-07,0.000335776
1368,7.54422e-05,-0.00030366,-3.81909e-07,0.000312891
1369,4.58237e-05,-0.00030355,-1.81727e-07,0.000306989
1370,4.5266e-05,-0.000322409,-4.03866e-07,0.000325571
1371,4.19725e-05,-0.000340417,-1.45014e-06,0.000342998
1372,4.5178e-05,-0.000322927,-1.37729e-06,0.000326075
1373,6.12118e-05,-0.000303687,-1.45677e-07,0.000309795
1374,6.14559e-05,-0.000303413,-4.01779e-07,0.000309575
1375,5.51251e-05,-0.000346066,-4.82719e-07,0.000350429
1376,5.47992e-05,-0.000347149,-1.52505e-06,0.000351451
1377,6.7678e-05,-0.000351261,4.69525e-12,0.000357722
1378,7.16519e-05,-0.000328042,2.45491e-07,0.000335776
1379,7.55027e-05,-0.000303796,-1.97842e-11,0.000313037
1380,4.6152e-05,-0.000303673,6.61245e-13,0.00030716
1381,4.52659e-05,-0.000322409,4.03853e-07,0.000325571
1382,4.24224e-05,-0.000340074,-1.93781e-12,0.00034271
1383,6.12119e-05,-0.000303687,1.45676e-07,0.000309794
1384,5.51251e-05,-0.000346066,4.82718e-07,0.000350429
1385,6.74312e-05,-0.000351639,5.21896e-07,0.000358046
1386,7.15415e-05,-0.000328466,7.15876e-07,0.000336168
1387,7.54422e-05,-0.00030366,3.81925e-07,0.000312891
1388,4.58237e-05,-0.00030355,1.81708e-07,0.000306989
1389,4.5178e-05,-0.000322927,1.37729e-06,0.000326075
1390,4.19725e-05,-0.000340417,1.45014e-06,0.000342998
1391,6.1456e-05,-0.000303413,4.01777e-07,0.000309575
1392,5.47992e-05,-0.000347149,1.52505e-06,0.000351451
1393,5.56935e-05,-0.0003709,-9.56995e-07,0.000375059
1394,4.63244e-05,-0.00038617,-5.96716e-07,0.000388939
1395,5.65314e-05,-0.000369679,-3.25645e-07,0.000373976
1396,3.75966e-05,-0.000356256,-8.50235e-07,0.000358235
1397,3.13023e-05,-0.000370046,-2.03505e-06,0.000371373
1398,3.66481e-05,-0.00035766,-2.97289e-06,0.000359545
1399,3.90177e-05,-0.000377967,-6.3765e-07,0.000379976
1400,3.77769e-05,-0.000379215,-2.0239e-06,0.000381097
1401,4.68391e-05,-0.000385676,1.15963e-12,0.00038851
1402,5.65314e-05,-0.000369679,3.25643e-07,0.000373976
1403,3.75966e-05,-0.000356256,8.50237e-07,0.000358235
1404,3.18822e-05,-0.000369518,1.51022e-12,0.00037089
1405,3.90177e-05,-0.000377967,6.37652e-07,0.000379976
1406,4.63244e-05,-0.00038617,5.96722e-07,0.000388939
1407,5.56935e-05,-0.0003709,9.57002e-07,0.000375059
1408,3.66481e-05,-0.00035766,2.97289e-06,0.000359545
1409,3.13023e-05,-0.000370046,2.03505e-06,0.000371373
1410,3.77769e-05,-0.000379215,2.02391e-06,0.000381097
1411,3.27932e-05,-0.000396083,-9.87281e-07,0.000397439
1412,2.34694e-05,-0.000403378,-5.41831e-07,0.000404061
1413,3.41176e-05,-0.000395203,-3.35498e-07,0.000396673
1414,2.50471e-05,-0.000380419,-9.02031e-07,0.000381244
1415,1.81072e-05,-0.000388529,-1.64753e-06,0.000388954
1416,2.35209e-05,-0.000381422,-3.14936e-06,0.000382159
1417,2.08201e-05,-0.000395626,-5.32446e-07,0.000396174
1418,1.95187e-05,-0.000396032,-1.69785e-06,0.000396517
1419,2.3941e-05,-0.000403125,4.16271e-12,0.000403835
1420,3.41176e-05,-0.000395203,3.35504e-07,0.000396673
1421,2.50472e-05,-0.000380419,9.02033e-07,0.000381244
1422,1.85719e-05,-0.000388101,1.34099e-12,0.000388545
1423,2.08201e-05,-0.000395626,5.32451e-07,0.000396174
1424,2.34694e-05,-0.000403378,5.41838e-07,0.000404061
1425,3.27932e-05,-0.000396083,9.87285e-07,0.000397439
1426,2.35209e-05,-0.000381422,3.14936e-06,0.000382159
1427,1.81072e-05,-0.000388529,1.64754e-06,0.000388954
1428,1.95188e-05,-0.000396032,1.69785e-06,0.000396517
1429,1.30887e-05,-0.00040593,-7.15912e-07,0.000406141
1430,5.1172e-06,-0.000408617,-2.98182e-07,0.000408649
1431,1.38035e-05,-0.000405814,-2.36695e-07,0.000406049
1432,1.17432e-05,-0.000393311,-4.87842e-07,0.000393486
1433,5.82757e-06,-0.000396055,-3.40196e-07,0.000396098
1434,1.08922e-05,-0.000393426,-1.7891e-06,0.000393581
1435,5.41612e-06,-0.000401641,-1.58942e-07,0.000401677
1436,5.3645e-06,-0.000401389,-4.80466e-07,0.000401426
1437,5.13813e-06,-0.000408526,4.44132e-12,0.000408559
1438,1.38035e-05,-0.000405814,2.36703e-07,0.000406049
1439,1.17432e-05,-0.000393311,4.87847e-07,0.000393486
1440,5.85059e-06,-0.000395652,2.92787e-12,0.000395696
1441,5.41612e-06,-0.000401641,1.58949e-07,0.000401677
1442,5.11721e-06,-0.000408617,2.98191e-07,0.000408649
1443,1.30887e-05,-0.00040593,7.1592e-07,0.000406141
1444,1.08922e-05,-0.000393426,1.7891e-06,0.000393581
1445,5.82758e-06,-0.000396055,3.40201e-07,0.000396098
1446,5.36451e-06,-0.000401389,4.80474e-07,0.000401426
1447,0.000102211,-0.000334606,-4.02849e-08,0.000349869
1448,9.32001e-05,-0.000362127,3.54564e-07,0.000373929
1449,0.000102435,-0.000334197,-6.85216e-08,0.000349543
1450,0.000105041,-0.000303986,-6.27605e-07,0.000321623
1451,8.98221e-05,-0.000303898,-2.49566e-07,0.000316894
1452,8.96311e-05,-0.000303591,-7.50068e-07,0.000316546
1453,8.02709e-05,-0.000356565,-4.45368e-08,0.000365489
1454,7.97268e-05,-0.000357476,-2.64079e-08,0.000366259
1455,9.33214e-05,-0.000361679,-7.66309e-13,0.000373524
1456,0.000102435,-0.000334197,6.85176e-08,0.000349543
1457,0.00010487,-0.000304132,3.65497e-13,0.000321705
1458,8.9822e-05,-0.000303898,2.49558e-07,0.000316894
1459,8.02709e-05,-0.000356565,4.45378e-08,0.000365489
1460,9.32001e-05,-0.000362127,-3.54566e-07,0.000373929
1461,0.000102211,-0.000334606,4.02856e-08,0.000349869
1462,0.000105041,-0.000303986,6.27606e-07,0.000321623
1463,8.96311e-05,-0.000303591,7.50059e-07,0.000316546
1464,7.97268e-05,-0.000357476,2.64073e-08,0.000366259
1465,7.84214e-05,-0.000385422,1.07974e-06,0.000393321
1466,6.22035e-05,-0.000401442,7.48758e-07,0.000406233
1467,7.92777e-05,-0.000384256,2.68407e-07,0.000392349
1468,5.45692e-05,-0.000393466,3.52477e-08,0.000397232
1469,5.34007e-05,-0.000394603,2.54213e-07,0.0003982
1470,6.27165e-05,-0.000400924,3.42717e-12,0.000405799
1471,7.92777e-05,-0.000384256,-2.68401e-07,0.000392349
1472,5.45692e-05,-0.000393466,-3.52424e-08,0.000397232
1473,6.22035e-05,-0.000401442,-7.4875e-07,0.000406233
1474,7.84214e-05,-0.000385422,-1.07974e-06,0.000393321
1475,5.34007e-05,-0.000394603,-2.54206e-07,0.0003982
1476,4.45692e-05,-0.000412605,1.19997e-06,0.000415007
1477,2.97789e-05,-0.000417845,4.9589e-07,0.000418905
1478,4.5841e-05,-0.000411724,3.00703e-07,0.000414269
1479,2.70057e-05,-0.000410634,-1.28153e-08,0.000411521
1480,2.58936e-05,-0.000411205,8.58734e-08,0.000412019
1481,3.03136e-05,-0.000417706,5.48251e-12,0.000418804
1482,4.5841e-05,-0.000411724,-3.00693e-07,0.000414269
1483,2.70057e-05,-0.000410634,1.28247e-08,0.000411521
1484,2.97789e-05,-0.000417845,-4.95879e-07,0.000418905
1485,4.45692e-05,-0.000412605,-1.19996e-06,0.000415007
1486,2.58937e-05,-0.000411205,-8.5864e-08,0.000412019
1487,1.61731e-05,-0.00042077,3.08218e-07,0.00042108
1488,4.80819e-06,-0.000421476,-2.58747e-07,0.000421503
1489,1.68499e-05,-0.000420555,5.29475e-08,0.000420892
1490,4.94009e-06,-0.000415329,-1.39295e-07,0.000415358
1491,4.8923e-06,-0.000415472,-4.13619e-07,0.000415501
1492,4.82958e-06,-0.000421604,6.42408e-12,0.000421631
1493,1.68499e-05,-0.000420555,-5.2935e-08,0.000420892
1494,4.94009e-06,-0.000415329,1.39306e-07,0.000415358
1495,4.80819e-06,-0.000421476,2.5876e-07,0.000421503
1496,1.61731e-05,-0.00042077,-3.08206e-07,0.00042108
1497,4.8923e-06,-0.000415472,4.1363e-07,0.000415501
1498,-6.59811e-05,-0.00033796,1.2524e-07,0.000344341
1499,-6.05116e-05,-0.000360263,5.02494e-08,0.00036531
1500,-6.61442e-05,-0.000337358,3.70475e-08,0.000343781
1501,-7.14531e-05,-0.000313089,1.80744e-07,0.000321139
1502,-4.14162e-05,-0.000314258,2.11792e-07,0.000316976
1503,-3.94599e-05,-0.000333012,-1.8375e-07,0.000335342
1504,-3.47781e-05,-0.000350402,-9.85193e-07,0.000352125
1505,-3.93082e-05,-0.000333722,-7.72688e-07,0.00033603
1506,-5.70135e-05,-0.0003136,9.51488e-08,0.000318741
1507,-5.72023e-05,-0.000313532,2.93455e-07,0.000318707
1508,-4.80865e-05,-0.00035521,-2.21219e-07,0.000358451
1509,-4.76901e-05,-0.000356414,-7.48205e-07,0.000359591
1510,-6.07794e-05,-0.000359827,6.71579e-12,0.000364924
1511,-6.61443e-05,-0.000337358,-3.70372e-08,0.000343781
1512,-7.15479e-05,-0.000313143,-2.06648e-11,0.000321213
1513,-4.17773e-05,-0.000314298,3.72348e-12,0.000317062
1514,-3.94599e-05,-0.000333012,1.83737e-07,0.000335342
1515,-3.52309e-05,-0.00034999,-1.11871e-12,0.000351758
1516,-5.70136e-05,-0.0003136,-9.51467e-08,0.00031874
1517,-4.80865e-05,-0.000355211,2.21221e-07,0.000358451
1518,-6.05116e-05,-0.000360263,-5.02547e-08,0.00036531
1519,-6.59811e-05,-0.00033796,-1.25252e-07,0.000344341
1520,-7.14531e-05,-0.000313089,-1.80722e-07,0.000321139
1521,-4.14162e-05,-0.000314258,-2.11807e-07,0.000316976
1522,-3.93082e-05,-0.000333722,7.72701e-07,0.00033603
1523,-3.47781e-05,-0.000350402,9.85197e-07,0.000352125
1524,-5.72023e-05,-0.000313532,-2.93455e-07,0.000318707
1525,-4.76901e-05,-0.000356414,7.48204e-07,0.000359591
1526,-4.75554e-05,-0.000378526,-9.79405e-08,0.000381501
1527,-3.73429e-05,-0.000392323,-1.46692e-08,0.000394096
1528,-4.84311e-05,-0.000377243,-3.95244e-08,0.000380339
1529,-2.90717e-05,-0.000365171,-5.90777e-07,0.000366327
1530,-2.16897e-05,-0.000377544,-1.46381e-06,0.00037817
1531,-2.80803e-05,-0.000366641,-2.19387e-06,0.000367721
1532,-2.97903e-05,-0.000384668,-3.49699e-07,0.00038582
1533,-2.85313e-05,-0.00038592,-1.15568e-06,0.000386975
1534,-3.78583e-05,-0.000391816,2.30962e-12,0.000393641
1535,-4.84311e-05,-0.000377243,3.95249e-08,0.000380339
1536,-2.90717e-05,-0.000365171,5.90783e-07,0.000366327
1537,-2.22569e-05,-0.000376988,2.61396e-12,0.000377645
1538,-2.97903e-05,-0.000384668,3.49704e-07,0.00038582
1539,-3.73429e-05,-0.000392323,1.46779e-08,0.000394096
1540,-4.75554e-05,-0.000378526,9.7952e-08,0.000381501
1541,-2.80803e-05,-0.000366641,2.19386e-06,0.000367721
1542,-2.16897e-05,-0.000377544,1.46381e-06,0.00037817
1543,-2.85313e-05,-0.00038592,1.15568e-06,0.000386975
1544,-2.31807e-05,-0.000400781,-1.03102e-07,0.00040145
1545,-1.34972e-05,-0.000406478,5.04167e-08,0.000406702
1546,-2.44772e-05,-0.000399917,-4.13782e-08,0.000400665
1547,-1.44912e-05,-0.000386252,-5.97036e-07,0.000386524
1548,-6.96381e-06,-0.000392498,-9.96075e-07,0.000392561
1549,-1.29974e-05,-0.000387234,-2.2153e-06,0.000387459
1550,-1.03638e-05,-0.000399096,-2.22712e-07,0.000399231
1551,-9.12682e-06,-0.000399469,-7.61446e-07,0.000399574
1552,-1.39409e-05,-0.000406232,4.98354e-12,0.000406471
1553,-2.44772e-05,-0.000399917,4.13869e-08,0.000400665
1554,-1.44912e-05,-0.000386252,5.97039e-07,0.000386524
1555,-7.39348e-06,-0.000392068,1.68077e-12,0.000392137
1556,-1.03638e-05,-0.000399096,2.22719e-07,0.000399231
1557,-1.34972e-05,-0.000406478,-5.04085e-08,0.000406702
1558,-2.31807e-05,-0.000400781,1.03109e-07,0.00040145
1559,-1.29974e-05,-0.000387234,2.2153e-06,0.000387459
1560,-6.96381e-06,-0.000392498,9.96081e-07,0.000392561
1561,-9.12682e-06,-0.000399469,7.61452e-07,0.000399574
1562,-2.91519e-06,-0.000407488,1.83253e-07,0.000407498
1563,-3.5416e-06,-0.000407389,6.32201e-08,0.000407404
1564,-1.45436e-07,-0.000395327,-1.56026e-07,0.000395327
1565,6.04638e-07,-0.000395423,-7.67879e-07,0.000395425
1566,-3.5416e-06,-0.000407389,-6.32114e-08,0.000407404
1567,-1.45438e-07,-0.000395327,1.56031e-07,0.000395327
1568,-2.9152e-06,-0.000407488,-1.83243e-07,0.000407498
1569,6.0463e-07,-0.000395423,7.67885e-07,0.000395425
1570,-9.68634e-05,-0.000343292,1.04556e-06,0.000356697
1571,-8.62998e-05,-0.000369988,1.02624e-06,0.000379921
1572,-9.71313e-05,-0.000342701,2.89684e-07,0.000356201
1573,-0.000101552,-0.000312689,1.1813e-07,0.000328766
1574,-8.61516e-05,-0.000312856,7.59746e-08,0.000324502
1575,-8.59108e-05,-0.000312764,2.44145e-07,0.000324349
1576,-7.34278e-05,-0.000364707,2.66235e-07,0.000372026
1577,-7.28486e-05,-0.000365741,9.10652e-07,0.000372927
1578,-8.64573e-05,-0.000369487,1.21985e-12,0.000379467
1579,-9.71314e-05,-0.000342701,-2.89687e-07,0.000356201
1580,-0.000101427,-0.000312741,-5.40008e-13,0.000328778
1581,-8.61516e-05,-0.000312856,-7.59819e-08,0.000324502
1582,-7.34278e-05,-0.000364707,-2.66231e-07,0.000372026
1583,-8.62998e-05,-0.000369988,-1.02624e-06,0.000379921
1584,-9.68634e-05,-0.000343292,-1.04556e-06,0.000356697
1585,-0.000101552,-0.000312689,-1.18129e-07,0.000328766
1586,-8.59108e-05,-0.000312764,-2.44149e-07,0.000324349
1587,-7.28486e-05,-0.000365741,-9.10649e-07,0.000372927
1588,-7.03496e-05,-0.000392154,2.02103e-06,0.000398419
1589,-5.33335e-05,-0.00040677,1.33838e-06,0.000410254
1590,-7.12318e-05,-0.000390928,5.83028e-07,0.000397365
1591,-4.57115e-05,-0.000399163,3.28422e-07,0.000401772
1592,-4.45439e-05,-0.000400322,1.13235e-06,0.000402794
1593,-5.38562e-05,-0.000406251,4.75139e-12,0.000409805
1594,-7.12318e-05,-0.000390928,-5.83018e-07,0.000397365
1595,-4.57115e-05,-0.000399163,-3.28414e-07,0.000401772
1596,-5.33336e-05,-0.00040677,-1.33837e-06,0.000410254
1597,-7.03496e-05,-0.000392154,-2.02102e-06,0.000398419
1598,-4.45439e-05,-0.000400322,-1.13234e-06,0.000402794
1599,-3.5291e-05,-0.000416503,2.03361e-06,0.000418001
1600,-2.02526e-05,-0.000420376,1.03209e-06,0.000420865
1601,-3.65307e-05,-0.000415634,5.82049e-07,0.000417237
1602,-1.731e-05,-0.000413437,2.69366e-07,0.000413799
1603,-1.62631e-05,-0.00041399,9.25975e-07,0.00041431
1604,-2.07613e-05,-0.000420251,6.4913e-12,0.000420764
1605,-3.65307e-05,-0.000415634,-5.82037e-07,0.000417237
1606,-1.731e-05,-0.000413437,-2.69355e-07,0.000413799
1607,-2.02526e-05,-0.000420376,-1.03207e-06,0.000420865
1608,-3.5291e-05,-0.000416503,-2.0336e-06,0.000418001
1609,-1.62631e-05,-0.00041399,-9.25964e-07,0.00041431
1610,-6.63889e-06,-0.000422,1.0834e-06,0.000422053
1611,-7.22916e-06,-0.0004218,3.1682e-07,0.000421862
1612,-7.22917e-06,-0.0004218,-3.16807e-07,0.000421862
1613,-6.6389e-06,-0.000422,-1.08338e-06,0.000422053
1614,-2.3879e-05,-0.000195727,1.74872e-07,0.000197178
1615,-2.23591e-05,-0.000208451,-2.55103e-11,0.000209647
1616,-2.38703e-05,-0.00019573,-1.7493e-07,0.00019718
1617,-7.44477e-08,-0.000192377,-6.96057e-08,0.000192377
1618,-2.56445e-07,-0.000201819,-1.52921e-11,0.000201819
1619,-7.44291e-08,-0.000192377,6.96169e-08,0.000192377
1620,-1.10637e-05,-0.000205069,-2.4012e-07,0.000205367
1621,-1.10714e-05,-0.000205067,2.40168e-07,0.000205365
1622,-2.20932e-05,-0.000208286,-7.07551e-07,0.000209456
1623,-2.33413e-05,-0.0001955,-4.67072e-07,0.000196889
1624,-1.54767e-08,-0.000192521,-2.06886e-07,0.000192521
1625,-2.26337e-07,-0.000201867,-1.63144e-07,0.000201867
1626,-1.06448e-05,-0.000205201,-6.98822e-07,0.000205478
1627,-5.35565e-05,-0.000202113,-6.86116e-08,0.000209089
1628,-5.18435e-05,-0.000222659,3.46706e-12,0.000228615
1629,-5.35351e-05,-0.000202135,6.80097e-08,0.000209105
1630,-3.58402e-05,-0.000215399,-3.69732e-07,0.000218361
1631,-3.58706e-05,-0.000215374,3.68932e-07,0.000218341
1632,-5.15439e-05,-0.000222244,-3.96452e-07,0.000228143
1633,-5.30246e-05,-0.00020135,2.55028e-07,0.000208215
1634,-3.50703e-05,-0.000214752,-1.08211e-06,0.000217599
1635,-2.21016e-05,-0.000208284,7.07517e-07,0.000209454
1636,-2.33413e-05,-0.0001955,4.67074e-07,0.000196889
1637,-1.54804e-08,-0.000192521,2.06858e-07,0.000192521
1638,-2.26464e-07,-0.000201867,1.63157e-07,0.000201867
1639,-1.06448e-05,-0.000205201,6.98857e-07,0.000205478
1640,-5.15673e-05,-0.00022222,3.94848e-07,0.000228125
1641,-5.30246e-05,-0.00020135,-2.55004e-07,0.000208215
1642,-3.50703e-05,-0.000214751,1.08207e-06,0.000217599
1643,-1.95291e-05,-0.000218001,5.1222e-07,0.000218874
1644,-1.87076e-05,-0.000217937,1.55884e-06,0.000218744
1645,-1.73471e-05,-0.000226673,1.38175e-06,0.00022734
1646,-8.69666e-07,-0.000219149,2.15422e-07,0.000219151
1647,-4.45105e-07,-0.000211322,2.8219e-07,0.000211323
1648,-5.10868e-07,-0.000210906,9.47147e-08,0.000210906
1649,-9.20025e-06,-0.000221755,1.20494e-06,0.000221949
1650,-9.70666e-06,-0.000221543,4.04099e-07,0.000221756
1651,-4.113e-05,-0.000234267,5.81061e-07,0.000237851
1652,-4.02784e-05,-0.000233275,1.76323e-06,0.000236734
1653,-3.08154e-05,-0.000246544,1.98028e-06,0.00024847
1654,-2.35475e-05,-0.000234852,2.85304e-06,0.000236047
1655,-2.4597e-05,-0.000235517,8.40835e-07,0.000236799
1656,-1.95216e-05,-0.000218002,-5.12203e-07,0.000218875
1657,-1.73472e-05,-0.000226673,-1.38177e-06,0.00022734
1658,-1.87075e-05,-0.000217937,-1.55883e-06,0.000218744
1659,-4.45034e-07,-0.000211322,-2.82192e-07,0.000211323
1660,-8.69791e-07,-0.000219149,-2.15444e-07,0.000219151
1661,-5.10647e-07,-0.000210906,-9.47235e-08,0.000210906
1662,-9.20014e-06,-0.000221755,-1.20508e-06,0.000221949
1663,-9.70639e-06,-0.000221544,-4.04051e-07,0.000221756
1664,-1.76171e-05,-0.000226953,-2.76623e-11,0.000227636
1665,-9.02914e-07,-0.00021922,-3.6174e-12,0.000219221
1666,-4.11071e-05,-0.000234293,-5.81835e-07,0.000237872
1667,-3.08153e-05,-0.000246544,-1.98029e-06,0.00024847
1668,-4.02784e-05,-0.000233275,-1.76336e-06,0.000236734
1669,-2.35474e-05,-0.000234852,-2.85294e-06,0.000236047
1670,-2.45976e-05,-0.000235516,-8.40864e-07,0.000236799
1671,-3.11544e-05,-0.000247034,-8.01518e-12,0.000248991
1672,-7.20466e-05,-0.000220847,-2.51105e-07,0.000232302
1673,-7.20235e-05,-0.000220871,2.50379e-07,0.000232317
1674,-9.31072e-05,-0.000219603,-6.24941e-11,0.000238526
1675,-8.98967e-05,-0.000201233,7.00975e-07,0.000220401
1676,-8.98965e-05,-0.000201233,-7.00941e-07,0.000220401
1677,-7.16197e-05,-0.000219737,7.96476e-07,0.000231116
1678,-9.28619e-05,-0.000219066,1.40037e-06,0.000237939
1679,-8.96208e-05,-0.000200288,2.14874e-06,0.000219435
1680,-9.28617e-05,-0.000219066,-1.40034e-06,0.000237939
1681,-7.16197e-05,-0.000219737,-7.96432e-07,0.000231116
1682,-8.96209e-05,-0.000200288,-2.14881e-06,0.000219435
1683,-5.81821e-05,-0.000243084,2.55707e-07,0.00024995
1684,-6.49729e-05,-0.000265994,4.31157e-07,0.000273814
1685,-5.7632e-05,-0.000241893,7.52808e-07,0.000248665
1686,-9.59111e-05,-0.000238271,-1.96364e-06,0.000256857
1687,-9.91881e-05,-0.00026157,-8.81931e-07,0.000279746
1688,-9.62859e-05,-0.000239582,-5.66476e-07,0.000258207
1689,-8.14211e-05,-0.000262884,-4.48755e-07,0.000275204
1690,-8.17923e-05,-0.000264027,-1.15012e-07,0.000276406
1691,-6.83318e-05,-0.000289308,1.50905e-07,0.000297268
1692,-6.82496e-05,-0.00028858,4.62283e-07,0.000296541
1693,-0.000100785,-0.000285969,-6.66892e-07,0.00030321
1694,-0.000101012,-0.000286713,-1.71399e-07,0.000303986
1695,-6.51344e-05,-0.000266478,2.13336e-11,0.000274323
1696,-6.83272e-05,-0.000289325,-1.50967e-07,0.000297284
1697,-0.000101012,-0.000286713,1.71374e-07,0.000303986
1698,-9.92449e-05,-0.000262094,-4.78554e-12,0.000280255
1699,-8.17889e-05,-0.000264042,1.14866e-07,0.000276419
1700,-6.49688e-05,-0.000266009,-4.31425e-07,0.000273828
1701,-6.82496e-05,-0.00028858,-4.6223e-07,0.000296541
1702,-0.000100785,-0.000285969,6.669e-07,0.00030321
1703,-9.9188e-05,-0.00026157,8.819e-07,0.000279746
1704,-8.14211e-05,-0.000262884,4.48679e-07,0.000275204
1705,-5.81526e-05,-0.000243125,-2.56673e-07,0.000249983
1706,-9.62861e-05,-0.000239582,5.66419e-07,0.000258207
1707,-5.76321e-05,-0.000241893,-7.52895e-07,0.000248665
1708,-9.5911e-05,-0.000238271,1.96368e-06,0.000256858
1709,-5.27e-05,-0.000271389,4.6123e-07,0.000276459
1710,-3.62165e-05,-0.000260789,8.48252e-07,0.000263293
1711,-3.55401e-05,-0.000259378,2.988e-06,0.000261818
1712,-5.2505e-05,-0.000270143,1.49784e-06,0.000275202
1713,-3.95856e-05,-0.000276957,1.46682e-06,0.000279776
1714,-4.18488e-05,-0.000295366,4.06204e-07,0.000298317
1715,-4.1812e-05,-0.000294562,1.42905e-06,0.000297518
1716,-3.55401e-05,-0.000259378,-2.98784e-06,0.000261818
1717,-3.95857e-05,-0.000276957,-1.4668e-06,0.000279776
1718,-3.6216e-05,-0.000260789,-8.48323e-07,0.000263293
1719,-5.2505e-05,-0.000270143,-1.49781e-06,0.000275202
1720,-5.26948e-05,-0.000271406,-4.61293e-07,0.000276474
1721,-4.1812e-05,-0.000294562,-1.42918e-06,0.000297518
1722,-4.1849e-05,-0.000295366,-4.06124e-07,0.000298317
1723,-3.99107e-05,-0.000277411,-5.58129e-11,0.000280268
1724,2.18389e-05,-0.000206125,3.75653e-07,0.000207279
1725,2.38627e-05,-0.000194157,4.28499e-08,0.000195618
1726,2.34455e-05,-0.000193978,7.31767e-08,0.00019539
1727,1.02826e-05,-0.000204112,1.99504e-07,0.000204371
1728,1.05775e-05,-0.000203953,7.21155e-08,0.000204227
1729,5.18157e-05,-0.000218006,8.91482e-08,0.00022408
1730,5.35383e-05,-0.0001994,-1.68462e-07,0.000206462
1731,5.31352e-05,-0.000198717,-5.56826e-07,0.000205699
1732,3.51892e-05,-0.000211479,5.9796e-07,0.000214388
1733,3.58587e-05,-0.000212034,2.08332e-07,0.000215045
1734,2.20325e-05,-0.000206267,-3.08662e-11,0.000207441
1735,2.38539e-05,-0.00019416,-4.28904e-08,0.00019562
1736,1.05696e-05,-0.000203956,-7.20514e-08,0.000204229
1737,2.18302e-05,-0.000206128,-3.75647e-07,0.000207281
1738,2.34455e-05,-0.000193978,-7.31789e-08,0.00019539
1739,1.02826e-05,-0.000204112,-1.9948e-07,0.000204371
1740,5.20268e-05,-0.000218422,7.04562e-12,0.000224533
1741,5.35173e-05,-0.000199421,1.6796e-07,0.000206477
1742,3.58276e-05,-0.000212058,-2.09029e-07,0.000215064
1743,5.17927e-05,-0.000218029,-9.05747e-08,0.000224096
1744,5.31352e-05,-0.000198717,5.56836e-07,0.000205699
1745,3.51892e-05,-0.000211479,-5.97984e-07,0.000214388
1746,1.88199e-05,-0.000215362,-3.18476e-07,0.000216183
1747,1.60492e-05,-0.00022352,-9.33634e-07,0.000224097
1748,1.81493e-05,-0.000215342,-9.74733e-07,0.000216107
1749,7.6188e-06,-0.000220184,-5.52221e-07,0.000220316
1750,7.98389e-06,-0.000219949,-1.86145e-07,0.000220094
1751,1.88279e-05,-0.00021536,3.18504e-07,0.000216182
1752,1.62531e-05,-0.000223776,-2.99691e-11,0.000224366
1753,7.98412e-06,-0.000219949,1.8618e-07,0.000220094
1754,4.13273e-05,-0.000229111,-3.91931e-07,0.000232808
1755,3.07765e-05,-0.000240147,-1.53252e-06,0.000242116
1756,4.06202e-05,-0.00022815,-1.18438e-06,0.000231741
1757,2.28659e-05,-0.000230082,-2.15817e-06,0.000231226
1758,2.37737e-05,-0.000230686,-6.20355e-07,0.000231909
1759,4.13506e-05,-0.000229087,3.91211e-07,0.00023279
1760,3.10443e-05,-0.000240631,5.30471e-12,0.000242625
1761,2.37732e-05,-0.000230687,6.20355e-07,0.000231909
1762,1.81493e-05,-0.000215342,9.7476e-07,0.000216107
1763,1.60491e-05,-0.000223519,9.33616e-07,0.000224097
1764,7.61891e-06,-0.000220184,5.52105e-07,0.000220316
1765,4.06202e-05,-0.00022815,1.18428e-06,0.000231741
1766,3.07765e-05,-0.000240147,1.5325e-06,0.000242116
1767,2.2866e-05,-0.000230082,2.15821e-06,0.000231226
1768,7.19087e-05,-0.000216731,-3.71923e-07,0.000228349
1769,7.18867e-05,-0.000216753,3.71294e-07,0.000228363
1770,9.18483e-05,-0.000215717,-6.59939e-11,0.000234457
1771,8.85375e-05,-0.000198565,7.26637e-07,0.000217411
1772,8.85374e-05,-0.000198566,-7.26609e-07,0.000217411
1773,7.16523e-05,-0.000215682,1.15593e-06,0.000227275
1774,9.16625e-05,-0.000215211,1.57426e-06,0.000233924
1775,8.8398e-05,-0.000197741,2.19452e-06,0.000216612
1776,9.16623e-05,-0.000215211,-1.57422e-06,0.000233924
1777,7.16523e-05,-0.000215682,-1.15587e-06,0.000227275
1778,8.8398e-05,-0.000197741,-2.1946e-06,0.000216612
1779,5.88091e-05,-0.000237139,-6.74785e-08,0.000244322
1780,8.28831e-05,-0.000256814,3.66353e-07,0.000269858
1781,9.55387e-05,-0.000234288,7.45482e-07,0.00025302
1782,9.53351e-05,-0.000232973,2.48514e-06,0.000251737
1783,8.26694e-05,-0.000255552,1.20764e-06,0.000268594
1784,5.84126e-05,-0.000235913,-1.82077e-07,0.000243037
1785,9.93614e-05,-0.000254759,1.43045e-06,0.000273453
1786,6.64993e-05,-0.000258267,2.57964e-08,0.00026669
1787,7.09518e-05,-0.00028045,1.06554e-07,0.000289286
1788,0.000102686,-0.000278707,5.01797e-07,0.000297022
1789,0.000102555,-0.000277755,1.74232e-06,0.000296088
1790,7.09463e-05,-0.00027954,3.04971e-07,0.000288403
1791,5.88374e-05,-0.000237101,6.65979e-08,0.000244293
1792,8.28857e-05,-0.0002568,-3.66476e-07,0.000269845
1793,9.55385e-05,-0.000234288,-7.45517e-07,0.000253019
1794,9.93951e-05,-0.000255325,-8.49639e-12,0.00027399
1795,6.66094e-05,-0.000258772,2.12252e-11,0.000267207
1796,7.09555e-05,-0.000280434,-1.06615e-07,0.000289272
1797,0.000102686,-0.000278707,-5.01834e-07,0.000297022
1798,5.44211e-05,-0.000263041,-2.44917e-07,0.000268612
1799,4.48975e-05,-0.000285115,-1.99636e-07,0.000288629
1800,4.49185e-05,-0.000284136,-8.79366e-07,0.000287666
1801,5.42907e-05,-0.000261699,-8.58039e-07,0.000267273
1802,4.15364e-05,-0.000267692,-1.06233e-06,0.000270898
1803,3.69866e-05,-0.000252874,-6.35225e-07,0.000255566
1804,3.64096e-05,-0.000251461,-2.33272e-06,0.000254094
1805,5.44255e-05,-0.000263026,2.44849e-07,0.000268598
1806,4.48973e-05,-0.000285115,1.99705e-07,0.000288629
1807,4.17831e-05,-0.000268197,-4.95079e-11,0.000271432
1808,3.6987e-05,-0.000252874,6.35164e-07,0.000255566
1809,6.65026e-05,-0.000258252,-2.6043e-08,0.000266677
1810,5.84125e-05,-0.000235913,1.81983e-07,0.000243037
1811,9.53353e-05,-0.000232973,-2.48514e-06,0.000251737
1812,9.93615e-05,-0.000254759,-1.43047e-06,0.000273453
1813,8.26693e-05,-0.000255552,-1.2077e-06,0.000268594
1814,7.09463e-05,-0.00027954,-3.0493e-07,0.000288403
1815,0.000102555,-0.000277755,-1.7423e-06,0.000296088
1816,3.64096e-05,-0.000251461,2.33283e-06,0.000254094
1817,5.42907e-05,-0.000261699,8.58071e-07,0.000267273
1818,4.15363e-05,-0.000267692,1.06234e-06,0.000270898
1819,4.49185e-05,-0.000284136,8.79261e-07,0.000287666
